"","race","age","sex","ethnicity","anticipating","savoring_moment","reminiscing","sbi_tot","masq_pa","masq_na","masq_aa","phq_total","pswq_total"
"1","caucasian",20,1,2,40,44,35,119,44,21,26,24,46
"2","caucasian",18,2,2,56,47,52,155,28,21,26,19,61
"3","caucasian",19,1,1,56,50,44,150,33,15,43,14,64
"4","caucasian",19,1,2,40,38,42,120,37,12,20,12,38
"5","caucasian",20,2,2,46,47,47,140,40,18,24,14,35
"6","caucasian",18,1,2,31,33,30,94,28,17,42,23,66
"7","caucasian",19,2,2,50,44,52,146,44,16,39,14,60
"8","caucasian",18,1,2,42,39,46,127,46,20,33,20,44
"9","caucasian",18,2,2,53,55,55,163,67,11,22,10,33
"10","caucasian",18,1,1,40,29,41,110,42,24,51,14,53
"11","caucasian",19,2,2,31,34,32,97,31,10,20,12,35
"12","caucasian",18,2,2,52,53,53,158,58,12,21,13,34
"13","caucasian",18,2,2,50,38,50,138,55,25,50,21,54
"14","caucasian",22,1,2,49,45,48,142,43,13,22,12,34
"15","caucasian",19,2,2,41,25,36,102,33,13,25,18,58
"16","caucasian",19,1,1,42,33,38,113,43,15,35,17,38
"17","caucasian",21,2,2,44,37,43,124,38,23,32,25,43
"18","asian",19,2,2,41,36,46,123,49,17,36,14,48
"19","biracial",20,2,1,56,44,50,150,31,19,28,19,60
"20","caucasian",18,2,1,32,31,37,100,29,12,20,19,33
"21","caucasian",19,2,2,56,56,56,168,63,12,39,12,42
"22","caucasian",19,2,2,31,33,34,98,28,16,33,12,57
"23","asian",19,2,2,48,48,47,143,35,20,18,15,40
"24","asian",19,2,2,34,31,33,98,54,25,51,27,56
"25","asian",19,1,2,49,37,42,128,41,25,42,19,61
"26","caucasian",18,2,2,39,29,40,108,28,11,28,14,42
"27","caucasian",20,2,2,29,27,44,100,30,23,24,22,50
"28","asian",19,2,2,38,30,36,104,35,27,35,18,46
"29","caucasian",19,2,2,47,45,52,144,42,21,19,15,40
"30","caucasian",22,1,2,50,49,49,148,35,15,17,13,41
"31","asian",20,2,2,45,44,54,143,49,18,21,17,46
"32","caucasian",19,1,2,33,30,30,93,38,22,48,22,46
"33","caucasian",18,2,1,49,40,40,129,28,29,38,21,57
"34","african american",18,1,2,50,55,54,159,58,13,29,12,35
"35","caucasian",18,2,2,43,42,43,128,52,16,23,10,43
"36","caucasian",19,1,2,40,44,45,129,41,12,30,16,36
"37","caucasian",21,2,2,34,36,34,104,35,23,26,17,67
"38","caucasian",19,2,2,53,48,52,153,47,23,27,21,53
"39","caucasian",19,2,2,39,33,42,114,38,19,30,15,52
"40","caucasian",20,2,2,35,32,35,102,29,20,21,18,54
"41","asian",18,2,2,45,43,49,137,56,17,43,19,59
"42","caucasian",18,2,2,55,49,50,154,48,17,38,19,40
"43","caucasian",18,2,2,38,34,48,120,52,15,23,13,60
"44","caucasian",20,2,1,30,30,35,95,37,19,49,19,45
"45","caucasian",18,2,2,45,43,47,135,32,19,32,16,40
"46","caucasian",20,2,1,40,34,41,115,31,15,27,20,45
"47","asian",18,2,2,42,44,49,135,51,19,29,12,45
"48","asian",18,1,2,40,37,37,114,25,10,25,11,16
"49","caucasian",18,2,2,46,41,42,129,57,13,35,18,57
"50","caucasian",18,2,2,47,56,53,156,63,12,29,13,34
"51","caucasian",18,2,1,34,37,33,104,34,19,21,13,29
"52","caucasian",18,1,2,26,31,44,101,28,25,22,18,34
"53","caucasian",19,1,1,41,43,41,125,44,21,47,9,35
"54","asian",21,1,2,42,45,31,118,57,15,18,9,44
"55","asian",18,1,2,50,53,52,155,67,23,44,26,35
"56","caucasian",18,2,2,51,45,49,145,46,23,36,22,43
"57","caucasian",20,1,2,26,30,44,100,32,18,26,14,60
"58","caucasian",21,2,2,49,47,46,142,59,12,22,9,49
"59","caucasian",18,2,2,34,49,49,132,47,20,22,18,36
"60","asian",18,2,2,32,34,31,97,39,25,41,27,60
"61","caucasian",18,2,2,40,31,40,111,46,19,31,13,49
"62","caucasian",18,2,2,43,37,46,126,39,20,20,12,43
"63","caucasian",19,1,1,42,37,37,116,40,21,29,18,30
"64","caucasian",18,2,2,45,31,32,108,22,23,41,29,62
"65","caucasian",19,2,2,43,37,45,125,43,20,28,14,41
"66","asian",19,2,2,30,39,31,100,44,16,31,15,48
"67","caucasian",18,2,2,8,16,17,41,21,38,36,34,57
"68","caucasian",19,2,2,35,35,35,105,33,19,33,17,48
"69","caucasian",19,2,2,39,37,37,113,40,12,21,16,36
"70","caucasian",19,2,2,43,26,44,113,30,17,20,18,52
"71","caucasian",19,2,2,52,46,51,149,47,11,27,16,35
"72","asian",19,1,2,41,37,48,126,41,12,22,17,24
"73","caucasian",19,1,2,46,44,51,141,42,15,26,11,46
"74","biracial",19,1,2,37,40,35,112,53,24,26,17,48
"75","asian",20,2,2,49,43,54,146,47,22,23,24,52
"76","caucasian",20,2,2,56,46,54,156,57,16,32,22,45
"77","caucasian",18,2,2,43,37,45,125,43,23,32,21,54
"78","caucasian",20,1,2,31,48,42,121,33,22,28,21,37
"79","caucasian",20,1,2,50,47,54,151,56,12,22,9,40
"80","biracial",18,2,2,42,30,34,106,31,16,40,18,41
"81","caucasian",18,2,2,38,31,42,111,33,19,22,15,40
"82","asian",18,2,2,37,32,41,110,40,25,33,14,55
"83","caucasian",19,2,2,46,39,38,123,42,25,32,13,49
"84","caucasian",19,2,2,30,34,32,96,46,15,29,12,46
"85","american indian",21,2,2,45,41,42,128,44,18,33,19,47
"86","asian",20,1,2,50,47,53,150,48,16,28,17,43
"87","caucasian",20,2,2,54,50,55,159,46,11,26,11,35
"88","caucasian",19,1,2,45,46,45,136,57,14,22,12,36
"89","caucasian",18,1,1,47,44,47,138,48,16,18,14,48
"90","caucasian",20,2,2,48,43,47,138,55,14,23,15,38
"91","caucasian",21,2,2,31,33,33,97,36,21,44,18,48
"92","asian",20,2,2,47,38,47,132,38,25,19,20,54
"93","caucasian",18,2,2,31,21,30,82,33,31,23,22,61
"94","asian",20,2,2,45,38,46,129,41,27,55,23,61
"95","asian",18,1,2,37,36,34,107,39,13,37,14,49
"96","asian",20,2,2,38,37,35,110,40,17,28,12,48
"97","asian",20,2,2,42,44,43,129,39,19,19,14,51
"98","caucasian",20,2,2,56,56,56,168,49,12,18,10,54
"99","american indian",19,2,2,52,55,56,163,68,15,30,12,40
"100","caucasian",21,2,2,45,35,31,111,28,28,20,23,50
"101","african american",20,2,2,47,44,44,135,48,12,23,13,39
"102","caucasian",19,2,2,40,33,37,110,32,26,36,17,61
"103","asian",22,2,2,40,41,42,123,65,34,55,28,52
"104","caucasian",20,2,2,54,54,52,160,58,16,32,14,49
"105","asian",22,1,2,56,56,56,168,38,8,41,10,20
"106","caucasian",19,2,2,39,35,41,115,25,15,23,16,42
"107","caucasian",19,2,2,38,39,40,117,36,18,24,19,39
"108","caucasian",19,2,2,43,43,31,117,51,14,21,10,34
"109","african american",20,1,2,47,44,44,135,51,13,24,16,46
"110","asian",20,2,2,52,49,50,151,53,15,36,14,44
"111","caucasian",19,2,2,55,54,56,165,66,19,32,10,46
"112","caucasian",19,2,1,42,34,42,118,38,18,23,16,54
"113","caucasian",19,2,1,33,37,39,109,38,22,51,17,46
"114","caucasian",20,2,2,55,55,54,164,51,8,19,14,38
"115","caucasian",20,2,2,36,42,47,125,53,10,29,10,44
"116","biracial",24,1,2,51,48,46,145,45,13,23,13,45
"117","caucasian",19,2,1,44,39,51,134,47,27,44,19,60
"118","caucasian",19,2,2,31,34,30,95,46,21,43,17,55
"119","caucasian",18,2,2,47,52,52,151,65,12,22,14,43
"120","asian",18,2,2,32,32,32,96,55,22,27,17,48
"121","caucasian",19,2,2,43,41,35,119,43,14,23,14,54
"122","caucasian",20,1,2,43,41,43,127,62,10,17,10,36
"123","caucasian",19,2,2,52,41,44,137,50,23,24,26,64
"124","caucasian",19,2,2,41,32,41,114,42,22,27,23,66
"125","caucasian",18,2,1,53,54,54,161,43,16,21,13,46
"126","african american",18,2,2,37,25,28,90,29,28,49,24,62
"127","caucasian",19,2,2,48,45,48,141,36,16,18,13,49
"128","caucasian",21,1,1,45,44,47,136,51,21,43,21,54
"129","caucasian",19,2,2,48,55,53,156,62,12,26,13,52
"130","african american",20,2,1,43,34,42,119,57,20,19,19,48
"131","asian",20,2,2,46,50,50,146,52,17,25,15,45
"132","caucasian",19,1,2,35,32,39,106,35,22,35,24,52
"133","asian",19,2,1,37,39,41,117,54,18,24,11,47
"134","biracial",18,2,2,54,52,49,155,47,16,22,15,40
"135","caucasian",18,2,1,56,54,55,165,58,16,52,14,57
"136","caucasian",19,2,2,50,48,54,152,50,13,20,13,34
"137","caucasian",18,2,2,47,48,55,150,49,17,22,21,53
"138","biracial",19,1,2,41,34,38,113,48,13,32,16,46
"139","caucasian",19,2,2,32,32,40,104,22,22,34,25,47
"140","pacific islander",19,2,2,52,50,48,150,66,8,17,9,27
"141","caucasian",19,2,2,51,51,54,156,58,13,20,13,44
"142","caucasian",19,2,2,35,40,38,113,33,22,35,23,41
"143","caucasian",22,1,2,47,42,45,134,48,20,17,11,34
"144","asian",18,2,2,32,32,32,96,34,16,21,14,42
"145","caucasian",19,2,2,53,37,51,141,45,23,25,29,60
"146","caucasian",19,2,2,44,39,44,127,51,24,27,20,50
"147","caucasian",18,2,2,41,39,40,120,49,18,38,12,59
"148","caucasian",18,2,2,40,31,46,117,47,17,24,18,62
"149","caucasian",20,2,2,32,29,31,92,39,23,53,21,47
"150","caucasian",19,2,2,22,31,21,74,54,10,24,14,37
"151","caucasian",20,2,2,41,44,50,135,26,22,36,21,55
"152","caucasian",19,2,2,46,37,47,130,59,16,28,15,51
"153","caucasian",18,2,2,34,32,36,102,54,15,29,12,38
"154","caucasian",20,2,2,48,48,48,144,51,12,26,17,54
"155","caucasian",20,1,2,43,47,47,137,56,15,26,13,28
"156","caucasian",19,2,1,33,37,32,102,42,11,24,13,34
"157","asian",19,2,2,32,32,32,96,42,24,51,18,48
"158","biracial",18,2,1,48,45,50,143,62,11,24,10,31
"159","biracial",20,2,2,49,46,49,144,50,17,39,12,56
"160","caucasian",20,1,2,36,35,35,106,49,16,22,10,52
"161","caucasian",18,2,2,36,32,35,103,32,17,20,15,61
"162","american indian",18,2,2,48,48,48,144,48,10,17,9,30
"163","asian",20,2,2,54,51,53,158,57,11,21,13,47
"164","biracial",18,2,2,41,43,40,124,46,19,32,21,37
"165","asian",18,2,2,32,32,32,96,63,21,49,11,49
"166","caucasian",18,2,2,38,40,38,116,45,18,35,17,47
"167","caucasian",20,1,2,36,36,40,112,45,16,19,12,46
"168","asian",20,2,2,45,36,39,120,53,18,18,17,40
"169","caucasian",19,2,2,39,54,49,142,63,14,18,12,33
"170","caucasian",19,2,2,40,30,36,106,39,13,28,16,46
"171","caucasian",18,2,2,42,49,46,137,53,12,19,15,53
"172","asian",18,2,2,29,32,32,93,21,25,45,33,44
"173","caucasian",19,2,2,39,26,40,105,27,28,27,18,44
"174","caucasian",21,2,2,47,35,49,131,43,19,26,18,42
"175","caucasian",18,2,2,56,54,52,162,66,12,36,13,46
"176","caucasian",24,2,2,54,33,54,141,48,19,27,16,62
"177","caucasian",20,1,2,43,45,45,133,48,15,19,11,42
"178","caucasian",19,2,1,46,42,49,137,47,19,22,13,42
"179","caucasian",18,2,2,27,16,20,63,17,34,40,35,60
"180","asian",18,2,2,41,33,38,112,34,20,40,15,53
"181","caucasian",19,2,2,55,39,48,142,46,15,28,13,46
"182","caucasian",22,2,2,37,22,31,90,40,24,19,11,63
"183","caucasian",18,2,1,47,46,51,144,48,11,27,14,42
"184","american indian",18,2,1,55,53,53,161,34,26,32,25,61
"185","caucasian",18,1,2,55,47,41,143,41,17,19,17,51
"186","caucasian",19,1,2,29,32,33,94,42,24,51,18,38
"187","african american",18,2,2,38,36,41,115,33,17,22,11,40
"188","caucasian",18,1,2,43,40,40,123,52,26,24,21,37
"189","caucasian",19,1,1,54,54,55,163,47,19,19,10,48
"190","caucasian",18,2,2,46,44,42,132,39,13,23,18,37
"191","caucasian",19,2,1,34,32,44,110,50,16,30,15,40
"192","biracial",19,2,2,46,49,47,142,49,15,32,11,34
"193","caucasian",19,2,2,48,49,52,149,25,10,17,13,52
"194","caucasian",20,2,2,41,50,42,133,42,16,30,19,46
"195","caucasian",18,1,2,45,50,46,141,51,18,26,20,29
"196","biracial",18,2,2,28,24,31,83,62,36,77,33,54
"197","asian",20,1,2,35,29,40,104,30,22,32,24,52
"198","african american",18,2,2,37,28,36,101,19,19,22,18,34
"199","caucasian",18,2,2,24,25,35,84,37,29,51,31,62
"200","caucasian",20,2,1,47,48,46,141,52,10,24,12,43
"201","caucasian",19,2,2,54,56,56,166,55,14,35,15,43
"202","caucasian",18,2,2,49,32,44,125,19,32,50,30,62
"203","caucasian",19,1,2,46,36,38,120,28,26,40,36,36
"204","caucasian",19,2,2,39,47,36,122,37,16,23,22,58
"205","caucasian",22,1,2,41,44,42,127,50,10,21,11,38
"206","caucasian",19,2,2,43,50,48,141,44,14,22,12,54
"207","caucasian",20,1,2,53,52,51,156,62,13,28,12,43
"208","caucasian",20,1,2,51,48,48,147,45,21,23,15,32
"209","caucasian",19,2,2,47,39,49,135,48,17,29,16,55
"210","caucasian",20,2,2,47,45,52,144,47,26,36,22,54
"211","caucasian",20,1,2,52,50,51,153,52,9,18,11,31
"212","caucasian",18,2,2,56,54,53,163,64,24,29,18,49
"213","biracial",20,1,1,30,23,32,85,37,29,47,27,60
"214","asian",20,1,2,38,41,43,122,57,9,19,11,46
"215","asian",18,1,2,44,44,48,136,35,11,21,11,49
"216","caucasian",18,2,2,48,48,48,144,52,19,34,15,48
"217","caucasian",19,2,2,56,56,56,168,62,12,17,11,37
"218","asian",19,1,2,44,45,45,134,44,22,34,19,56
"219","asian",20,1,2,35,44,45,124,46,22,42,22,36
"220","african american",19,2,2,42,35,44,121,17,30,31,30,60
"221","caucasian",20,1,2,46,47,46,139,47,14,18,13,34
"222","caucasian",18,2,2,42,35,36,113,44,17,26,19,55
"223","asian",18,2,2,32,32,32,96,56,30,57,27,63
"224","caucasian",18,2,2,47,40,45,132,64,12,19,19,42
"225","asian",18,2,2,54,43,55,152,48,14,18,15,46
"226","caucasian",19,2,2,46,48,43,137,59,12,29,11,37
"227","caucasian",19,1,2,41,37,37,115,44,12,21,14,55
"228","asian",19,1,2,42,42,44,128,47,18,39,19,44
"229","caucasian",19,1,2,27,30,45,102,46,16,30,15,40
"230","caucasian",19,2,2,49,23,39,111,26,22,28,15,58
"231","caucasian",20,1,1,36,36,44,116,35,19,41,16,46
"232","asian",19,1,2,32,33,33,98,29,19,41,15,40
"233","caucasian",19,2,2,45,37,47,129,38,21,25,23,48
"234","asian",20,1,2,34,41,42,117,53,15,17,14,47
"235","caucasian",19,2,2,34,34,32,100,60,14,22,9,53
"236","caucasian",19,2,2,29,25,48,102,44,28,41,18,47
"237","asian",18,2,2,41,31,39,111,26,15,17,13,39
"238","caucasian",20,1,2,42,40,44,126,27,15,35,17,48
"239","caucasian",18,2,2,41,44,46,131,35,11,17,12,48
"240","caucasian",19,1,2,33,28,39,100,28,16,24,22,61
"241","african american",19,2,2,32,32,32,96,30,14,24,15,46
"242","caucasian",19,2,1,47,45,45,137,48,17,27,17,53
"243","caucasian",20,1,2,35,36,33,104,46,26,41,17,51
"244","asian",18,2,2,48,48,47,143,44,16,21,9,39
"245","caucasian",18,2,2,50,45,50,145,50,14,20,17,38
"246","asian",18,2,2,31,32,37,100,15,18,21,20,20
"247","caucasian",19,2,1,44,44,46,134,46,11,18,10,34
"248","caucasian",19,2,2,40,37,38,115,53,23,52,21,51
"249","caucasian",19,2,2,40,41,38,119,52,13,18,10,36
"250","caucasian",19,2,2,45,38,40,123,51,15,31,25,44
"251","caucasian",18,2,2,34,36,32,102,37,15,25,10,48
"252","caucasian",18,2,2,51,45,52,148,47,26,45,24,59
"253","biracial",21,2,2,26,20,23,69,60,32,65,36,62
"254","caucasian",19,2,2,52,46,52,150,44,16,26,20,43
"255","caucasian",19,2,2,44,43,48,135,53,15,20,13,42
"256","caucasian",19,1,1,26,37,34,97,40,17,22,11,47
"257","caucasian",19,2,2,50,46,49,145,48,15,20,13,47
"258","biracial",18,2,2,53,50,54,157,50,19,26,14,54
"259","caucasian",18,2,2,24,22,29,75,27,22,71,24,53
"260","asian",19,2,1,44,43,45,132,65,24,34,18,58
"261","caucasian",19,2,2,45,41,38,124,46,21,28,19,42
"262","caucasian",18,1,2,56,55,54,165,55,8,18,9,33
"263","caucasian",19,2,2,50,41,45,136,48,19,28,14,34
"264","caucasian",20,1,2,51,44,52,147,47,14,26,10,49
"265","biracial",18,2,2,39,31,42,112,26,24,28,19,53
"266","caucasian",18,2,2,44,40,49,133,32,17,25,13,37
"267","caucasian",19,1,2,28,45,39,112,43,14,19,11,35
"268","caucasian",18,2,2,56,50,56,162,70,8,17,9,24
"269","caucasian",20,2,2,50,47,50,147,55,12,21,15,53
"270","asian",19,2,2,42,46,46,134,50,17,22,14,63
"271","caucasian",19,1,2,34,32,32,98,46,26,52,17,53
"272","caucasian",18,1,1,41,44,38,123,42,24,36,16,43
"273","asian",19,2,2,56,56,50,162,48,21,45,13,44
"274","caucasian",18,2,2,54,38,44,136,38,13,21,13,48
"275","caucasian",19,2,2,36,39,37,112,42,13,23,14,54
"276","caucasian",21,1,2,47,36,47,130,48,23,29,22,58
"277","caucasian",19,2,2,53,50,47,150,39,19,20,19,48
"278","asian",20,2,2,49,50,48,147,56,13,23,13,40
"279","caucasian",18,2,2,48,46,50,144,45,20,32,15,41
"280","biracial",20,2,1,31,32,35,98,40,19,29,16,43
"281","caucasian",18,2,2,52,53,54,159,55,9,19,9,26
"282","caucasian",19,2,2,46,40,48,134,52,12,20,17,34
"283","caucasian",18,2,2,46,45,48,139,51,18,34,18,57
"284","caucasian",18,2,2,34,25,26,85,42,23,44,25,54
"285","caucasian",33,1,2,56,56,56,168,60,9,19,10,34
"286","caucasian",20,2,2,34,30,32,96,36,32,55,27,61
"287","caucasian",18,2,2,37,30,36,103,42,11,22,10,44
"288","caucasian",18,2,1,45,50,48,143,38,13,28,14,59
"289","caucasian",18,2,1,41,44,45,130,49,13,17,9,46
"290","caucasian",18,2,2,20,33,26,79,31,25,25,23,50
"291","caucasian",20,2,2,32,35,33,100,41,14,18,17,51
"292","caucasian",19,2,2,41,44,38,123,43,17,39,20,41
"293","caucasian",18,1,2,33,39,31,103,56,20,35,9,51
"294","asian",19,2,2,43,36,36,115,61,31,57,24,61
"295","caucasian",19,2,2,43,42,45,130,53,15,44,15,38
"296","caucasian",18,2,2,56,52,56,164,61,14,36,18,35
"297","caucasian",20,1,2,46,51,44,141,55,11,24,12,45
"298","caucasian",23,2,2,8,8,18,34,15,36,43,32,56
"299","asian",19,2,2,48,48,48,144,34,16,35,14,40
"300","asian",20,2,2,55,46,53,154,23,24,26,18,61
"301","caucasian",19,2,2,32,32,32,96,29,13,22,16,44
"302","caucasian",19,2,2,53,43,56,152,46,16,27,19,60
"303","caucasian",19,2,2,56,56,56,168,54,14,20,17,66
"304","caucasian",18,2,2,49,49,50,148,41,12,30,12,51
"305","caucasian",18,2,2,51,42,53,146,46,14,19,18,42
"306","caucasian",18,1,2,37,35,36,108,41,21,27,17,49
"307","caucasian",18,2,2,40,40,43,123,49,13,26,13,54
"308","caucasian",20,2,1,46,49,52,147,45,22,22,21,52
"309","caucasian",18,2,1,51,38,49,138,28,26,37,21,53
"310","caucasian",18,2,2,47,39,42,128,35,15,24,17,59
"311","caucasian",18,2,2,42,33,50,125,43,18,26,16,57
"312","caucasian",19,2,2,31,21,39,91,37,23,21,24,60
"313","asian",18,2,2,48,36,47,131,37,26,42,33,57
"314","caucasian",18,2,2,28,37,35,100,37,13,31,13,47
"315","african american",19,2,2,46,46,50,142,50,18,35,14,32
"316","caucasian",18,2,2,41,43,42,126,43,12,27,12,42
"317","biracial",20,2,2,34,25,35,94,27,21,24,24,56
"318","biracial",18,2,2,46,30,50,126,48,19,34,18,39
"319","caucasian",18,2,2,39,44,47,130,49,16,26,15,55
"320","caucasian",18,2,2,49,35,50,134,29,27,32,28,64
"321","caucasian",18,2,2,32,32,32,96,42,24,51,18,48
"322","asian",19,2,2,54,51,55,160,47,13,20,13,37
"323","asian",19,2,2,36,34,34,104,49,17,25,14,53
"324","caucasian",18,2,2,55,56,55,166,60,9,21,9,42
"325","biracial",19,2,2,53,56,52,161,56,14,25,15,36
"326","asian",20,1,2,54,44,55,153,55,25,37,22,57
"327","caucasian",19,2,2,45,36,40,121,23,11,17,11,48
"328","caucasian",18,2,2,45,39,40,124,57,21,34,15,37
"329","caucasian",19,2,1,45,42,42,129,35,19,19,14,43
"330","caucasian",20,2,1,47,42,43,132,39,10,17,10,39
"331","caucasian",18,1,2,47,41,46,134,42,19,28,12,37
"332","asian",19,1,2,35,33,33,101,43,18,27,21,33
"333","caucasian",20,2,2,42,40,43,125,47,12,25,13,43
"334","asian",27,2,2,47,19,41,107,31,20,32,17,53
"335","caucasian",18,2,2,47,41,51,139,55,15,25,11,40
"336","asian",20,2,2,36,39,37,112,35,18,20,18,45
"337","asian",18,2,2,53,54,50,157,34,24,53,20,57
"338","caucasian",18,2,2,48,44,48,140,33,18,30,18,34
"339","caucasian",18,2,2,49,45,47,141,46,24,46,22,50
"340","asian",19,2,2,45,50,42,137,56,18,48,33,80
"341","caucasian",18,2,1,54,56,54,164,62,13,27,10,35
"342","african american",19,2,2,48,46,48,142,55,22,23,15,46
"343","caucasian",18,2,1,41,39,42,122,25,26,22,22,60
"344","caucasian",19,2,2,40,36,40,116,41,23,37,23,52
"345","asian",19,2,2,32,32,32,96,32,15,31,9,34
"346","caucasian",18,2,2,46,37,49,132,35,18,36,23,57
"347","caucasian",21,1,1,56,46,51,153,52,12,23,14,33
"348","caucasian",18,1,1,43,25,39,107,32,30,23,21,45
"349","caucasian",18,2,2,42,43,38,123,52,20,22,17,48
"350","asian",21,2,2,40,36,40,116,35,21,19,17,50
"351","caucasian",18,1,2,34,34,35,103,53,22,39,15,42
"352","asian",18,1,2,36,25,35,96,45,27,23,19,45
"353","african american",22,1,2,31,33,32,96,43,9,28,9,48
"354","caucasian",19,1,2,43,42,39,124,51,12,18,10,45
"355","caucasian",19,2,1,43,30,46,119,41,21,25,17,57
"356","caucasian",20,2,2,56,50,55,161,52,21,33,18,60
"357","biracial",18,2,2,55,50,54,159,58,18,22,15,55
"358","caucasian",18,2,2,49,44,52,145,53,15,30,13,50
"359","caucasian",19,2,2,33,32,33,98,41,19,53,22,51
"360","caucasian",19,2,2,44,38,33,115,34,25,36,14,50
"361","caucasian",18,2,2,55,53,56,164,61,12,19,13,47
"362","caucasian",18,2,2,41,32,30,103,56,13,44,9,52
"363","caucasian",18,2,2,56,50,55,161,61,16,41,17,48
"364","caucasian",19,2,2,33,17,32,82,32,25,34,25,50
"365","caucasian",18,2,2,54,50,56,160,53,13,18,12,24
"366","caucasian",20,2,2,43,42,40,125,37,18,27,12,32
"367","caucasian",20,1,2,30,31,30,91,40,27,53,18,48
"368","asian",19,1,2,40,31,33,104,51,27,64,30,60
"369","caucasian",18,2,2,53,51,50,154,52,21,32,15,49
"370","caucasian",18,2,2,52,50,52,154,52,9,17,9,50
"371","caucasian",19,1,2,40,41,44,125,42,9,26,13,38
"372","asian",19,2,2,40,43,45,128,48,14,28,10,37
"373","caucasian",20,2,2,48,46,51,145,51,12,24,11,37
"374","asian",18,1,2,37,36,40,113,53,15,32,13,45
"375","caucasian",18,2,2,38,33,40,111,35,24,45,25,60
"376","caucasian",18,2,2,51,45,54,150,48,18,38,16,60
"377","caucasian",21,2,2,45,45,51,141,44,19,32,16,49
"378","asian",19,1,2,31,32,32,95,37,18,41,24,54
"379","caucasian",21,2,1,47,45,47,139,53,17,39,20,56
"380","caucasian",22,1,2,45,47,47,139,51,18,35,11,32
"381","caucasian",19,2,2,50,39,43,132,22,23,21,26,48
"382","caucasian",20,1,2,46,45,44,135,40,21,29,16,52
"383","asian",18,2,2,30,31,36,97,52,32,58,27,59
"384","caucasian",19,1,1,34,31,33,98,25,12,30,9,48
"385","caucasian",19,2,2,55,50,38,143,47,24,52,17,62
"386","caucasian",19,2,2,45,35,48,128,34,19,21,21,60
"387","caucasian",19,2,2,56,56,56,168,44,13,21,14,58
"388","caucasian",24,1,2,42,35,39,116,21,14,19,18,33
"389","caucasian",19,1,2,32,32,31,95,32,17,40,19,43
"390","african american",19,1,2,54,55,55,164,53,22,27,18,49
"391","asian",18,2,2,52,50,52,154,47,9,25,15,45
"392","caucasian",20,2,2,54,50,55,159,41,19,32,21,38
"393","biracial",19,2,2,35,31,32,98,52,20,30,17,49
"394","caucasian",19,2,2,38,36,51,125,32,23,22,18,44
"395","caucasian",19,2,2,52,50,50,152,46,25,19,17,51
"396","caucasian",20,1,1,45,36,40,121,58,14,23,12,52
"397","asian",19,1,2,51,54,50,155,50,18,20,12,55
"398","asian",20,2,2,45,28,46,119,23,25,28,19,66
"399","caucasian",18,2,1,56,49,55,160,67,10,23,14,44
"400","caucasian",19,2,2,28,22,19,69,24,21,29,18,59
"401","caucasian",18,2,2,54,47,56,157,51,17,27,14,63
"402","caucasian",20,1,2,53,55,55,163,65,11,18,11,39
"403","caucasian",18,2,2,29,25,36,90,34,26,31,25,57
"404","caucasian",19,2,2,56,56,56,168,60,22,40,14,41
"405","caucasian",19,2,2,50,55,53,158,56,11,20,11,38
"406","caucasian",19,2,2,38,26,36,100,35,19,26,26,58
"407","caucasian",20,2,1,45,46,24,115,62,32,36,30,63
"408","caucasian",18,2,2,46,43,49,138,46,19,22,20,34
"409","caucasian",19,1,2,55,53,49,157,62,11,29,12,38
"410","caucasian",18,2,2,43,36,22,101,23,30,57,30,45
"411","caucasian",18,1,2,29,42,44,115,42,20,31,12,48
"412","caucasian",18,2,2,40,24,46,110,50,24,34,18,60
"413","african american",18,2,2,31,20,29,80,17,31,25,29,30
"414","asian",20,2,2,46,43,46,135,40,11,17,13,44
"415","caucasian",20,2,2,50,50,52,152,42,15,35,16,59
"416","caucasian",18,2,2,38,34,35,107,27,19,28,15,56
"417","pacific islander",18,2,2,37,34,46,117,49,20,36,19,39
"418","caucasian",18,2,2,40,41,41,122,39,11,26,12,53
"419","caucasian",20,2,2,39,48,51,138,46,15,25,11,54
"420","caucasian",20,2,1,48,52,51,151,55,14,17,16,50
"421","caucasian",20,2,2,56,42,53,151,42,22,49,22,57
"422","caucasian",20,2,1,44,41,38,123,40,15,24,14,42
"423","caucasian",18,2,1,42,42,43,127,52,16,28,13,54
"424","asian",20,1,2,40,31,44,115,35,21,24,21,50
"425","biracial",20,2,2,42,37,40,119,37,22,45,17,43
"426","caucasian",19,2,2,47,31,44,122,26,23,41,22,59
"427","asian",18,1,2,37,30,46,113,31,21,23,23,50
"428","caucasian",18,2,2,41,29,32,102,36,22,36,21,58
"429","asian",18,1,2,35,32,40,107,37,13,27,15,42
"430","caucasian",18,2,2,38,46,53,137,56,20,26,14,36
"431","caucasian",18,2,2,41,40,52,133,52,21,46,24,58
"432","caucasian",20,2,2,33,48,47,128,52,13,26,14,33
"433","caucasian",18,2,2,46,35,39,120,24,28,24,18,35
"434","caucasian",19,2,2,54,46,53,153,37,14,24,11,46
"435","caucasian",20,1,2,26,22,23,71,22,21,25,17,42
"436","biracial",18,2,2,53,46,49,148,40,14,25,14,60
"437","african american",20,2,2,32,35,38,105,34,20,26,19,55
"438","asian",19,2,2,40,36,40,116,30,10,17,14,47
"439","caucasian",18,2,2,35,39,38,112,43,18,34,16,42
"440","african american",18,2,2,35,30,44,109,19,21,26,24,36
"441","caucasian",18,2,2,22,23,15,60,22,24,31,23,62
"442","asian",19,2,2,53,49,54,156,51,16,27,12,45
"443","caucasian",18,2,2,35,35,52,122,61,19,36,18,55
"444","caucasian",18,2,2,42,41,38,121,50,20,34,17,52
"445","caucasian",20,1,2,32,37,37,106,25,21,33,15,38
"446","caucasian",19,2,2,45,43,51,139,24,13,17,14,57
"447","caucasian",18,2,2,41,14,31,86,30,27,46,28,58
"448","caucasian",18,2,2,51,52,51,154,47,11,18,10,33
"449","caucasian",19,2,2,48,48,48,144,46,22,22,12,42
"450","caucasian",19,2,1,36,46,48,130,59,24,33,18,45
"451","caucasian",19,2,2,48,45,49,142,50,22,53,23,59
"452","asian",18,2,2,43,41,43,127,37,16,21,11,42
"453","caucasian",18,2,2,56,52,53,161,53,11,17,12,23
"454","caucasian",20,2,2,14,26,35,75,36,28,48,21,66
"455","caucasian",18,2,2,55,48,56,159,51,13,19,12,44
"456","caucasian",18,1,2,30,32,30,92,41,23,44,9,16
"457","asian",19,2,2,30,34,32,96,24,28,47,28,58
"458","caucasian",19,2,1,34,29,32,95,36,17,26,18,60
"459","caucasian",18,2,2,52,26,41,119,33,17,17,14,41
"460","caucasian",18,2,1,29,29,31,89,16,20,28,19,58
"461","caucasian",18,2,2,51,46,50,147,28,20,31,18,53
"462","biracial",18,2,2,28,26,34,88,29,24,33,25,62
"463","caucasian",19,2,2,45,48,48,141,39,19,36,18,53
"464","caucasian",18,2,2,38,25,33,96,31,21,32,23,61
"465","caucasian",20,2,2,48,49,52,149,54,16,24,11,42
"466","asian",19,2,2,31,32,45,108,31,29,47,23,54
"467","caucasian",18,2,2,50,55,51,156,47,15,26,13,32
"468","caucasian",18,2,2,35,29,45,109,45,20,25,17,48
"469","pacific islander",18,2,1,56,56,56,168,61,13,21,12,51
"470","caucasian",18,2,2,47,33,46,126,38,27,30,17,60
"471","pacific islander",18,2,2,49,45,43,137,56,20,27,12,48
"472","caucasian",18,2,2,30,35,35,100,51,26,53,23,67
"473","asian",18,2,2,51,46,46,143,53,15,24,12,37
"474","caucasian",20,1,2,45,44,47,136,49,13,19,13,50
"475","caucasian",18,2,2,45,32,44,121,27,23,35,21,60
"476","caucasian",18,2,2,41,49,44,134,54,11,28,17,61
"477","caucasian",18,2,2,44,44,44,132,47,21,26,12,48
"478","caucasian",18,2,2,52,49,46,147,49,15,25,15,43
"479","caucasian",19,2,2,50,34,48,132,19,26,30,28,40
"480","caucasian",19,1,1,49,49,51,149,53,15,31,9,47
"481","caucasian",18,2,2,44,27,49,120,25,20,44,18,52
"482","caucasian",18,2,2,50,52,53,155,56,17,28,14,43
"483","caucasian",19,2,2,56,54,56,166,62,13,23,17,32
"484","caucasian",18,2,2,41,29,41,111,31,30,50,28,53
"485","caucasian",18,2,2,40,48,46,134,43,29,20,16,60
"486","caucasian",18,2,2,53,52,53,158,55,25,35,15,40
"487","biracial",18,2,2,41,42,53,136,41,25,21,15,47
"488","caucasian",21,1,2,47,34,49,130,43,18,23,15,37
"489","caucasian",18,2,2,51,48,42,141,37,24,22,19,67
"490","asian",18,2,2,40,34,42,116,33,24,39,20,54
"491","asian",18,2,2,41,45,46,132,33,14,18,14,38
"492","caucasian",18,2,2,37,28,34,99,31,30,38,18,60
"493","caucasian",19,1,2,38,21,29,88,53,18,28,12,45
"494","asian",19,2,2,32,51,49,132,57,18,40,18,51
"495","caucasian",19,2,2,44,38,41,123,50,15,26,13,45
"496","caucasian",20,2,2,33,36,25,94,42,26,63,24,64
"497","asian",20,1,2,50,49,49,148,62,11,28,10,49
"498","caucasian",20,1,2,49,40,48,137,47,25,22,16,44
"499","caucasian",18,2,1,54,53,55,162,40,19,33,18,42
"500","caucasian",18,2,2,39,36,41,116,33,13,25,14,62
"501","caucasian",19,2,1,32,34,34,100,38,11,23,16,55
"502","caucasian",18,2,2,53,56,50,159,45,15,17,14,47
"503","caucasian",18,2,2,41,36,39,116,39,19,41,15,61
"504","asian",19,2,2,51,24,29,104,28,22,24,12,57
"505","caucasian",19,1,1,29,48,41,118,58,20,58,15,38
"506","caucasian",18,2,2,52,52,49,153,56,18,27,15,31
"507","asian",19,2,2,53,42,55,150,64,14,27,13,39
"508","caucasian",18,2,2,36,21,38,95,34,25,37,17,55
"509","asian",18,2,2,48,39,49,136,49,22,24,18,57
"510","caucasian",18,2,2,37,34,36,107,44,23,37,17,52
"511","caucasian",18,2,2,49,13,33,95,32,21,24,19,60
"512","caucasian",18,2,2,23,25,39,87,41,26,35,20,53
"513","caucasian",19,1,2,56,29,27,112,50,25,28,24,60
"514","caucasian",18,2,2,50,48,45,143,42,17,27,14,42
"515","caucasian",20,2,2,30,27,28,85,31,29,42,27,64
"516","caucasian",19,2,2,48,47,49,144,54,25,31,19,41
"517","caucasian",19,2,2,54,20,50,124,43,27,36,16,56
"518","caucasian",18,2,2,53,52,54,159,62,16,27,11,26
"519","caucasian",19,2,2,51,46,52,149,59,17,28,11,54
"520","caucasian",18,2,2,51,49,53,153,39,14,30,12,60
"521","caucasian",20,1,2,41,52,50,143,62,11,25,14,32
"522","caucasian",19,2,2,39,28,42,109,47,23,39,32,55
"523","caucasian",18,2,2,43,35,38,116,41,26,31,22,48
"524","caucasian",18,2,2,54,45,55,154,56,22,33,16,52
"525","asian",18,2,2,33,32,32,97,42,22,34,18,38
"526","caucasian",19,1,2,39,34,44,117,37,23,21,12,46
"527","caucasian",19,2,2,32,28,37,97,34,24,19,17,58
"528","caucasian",19,2,2,48,45,44,137,70,18,47,20,47
"529","caucasian",19,2,2,43,27,47,117,43,18,32,25,59
"530","caucasian",18,2,2,53,52,54,159,65,13,36,10,34
"531","african american",19,2,2,30,30,34,94,52,30,63,34,62
"532","caucasian",18,2,2,32,33,35,100,53,14,28,10,41
"533","caucasian",18,1,2,21,18,31,70,26,23,23,25,41
"534","biracial",19,2,2,50,53,52,155,39,20,29,16,50
"535","caucasian",18,2,1,47,41,46,134,45,12,19,16,47
"536","asian",19,2,2,28,38,30,96,42,22,51,26,41
"537","pacific islander",19,1,2,45,40,46,131,47,25,21,24,54
"538","caucasian",19,2,2,39,43,41,123,47,15,24,14,47
"539","caucasian",19,2,2,24,37,36,97,37,21,35,19,55
"540","caucasian",20,2,2,50,46,51,147,45,14,20,12,43
"541","asian",19,2,2,46,44,47,137,48,13,26,14,34
"542","asian",19,1,2,44,45,44,133,38,14,23,12,43
"543","asian",19,1,2,36,30,30,96,38,30,39,20,57
"544","caucasian",19,1,2,56,50,55,161,57,10,17,10,51
"545","caucasian",19,2,2,36,43,41,120,54,18,24,17,39
"546","caucasian",18,1,2,20,28,27,75,17,31,36,31,69
"547","pacific islander",18,1,2,41,36,42,119,53,17,31,12,40
"548","caucasian",19,2,2,27,26,26,79,33,23,32,17,53
"549","african american",21,1,1,42,37,36,115,36,24,28,24,39
"550","asian",18,2,2,45,47,44,136,43,19,37,15,40
"551","caucasian",18,2,1,50,41,48,139,35,20,48,20,53
"552","caucasian",18,1,2,43,46,42,131,48,11,20,16,42
"553","caucasian",19,1,2,47,34,36,117,35,24,29,14,47
"554","caucasian",19,1,2,40,45,48,133,46,17,33,15,38
"555","caucasian",21,2,1,53,54,51,158,47,17,31,11,40
"556","caucasian",19,1,1,40,34,43,117,34,27,41,26,53
"557","caucasian",18,1,2,25,41,24,90,42,31,61,30,56
"558","asian",22,2,2,46,45,47,138,45,16,19,13,37
"559","asian",18,2,2,43,47,47,137,47,16,26,15,58
"560","caucasian",21,1,2,40,39,36,115,42,19,30,18,55
"561","caucasian",18,1,2,51,55,55,161,66,9,23,9,37
"562","caucasian",19,2,2,54,50,49,153,50,16,23,20,50
"563","asian",19,2,2,40,36,39,115,47,26,39,29,65
"564","biracial",19,1,2,39,39,46,124,45,24,35,21,55
"565","caucasian",20,1,2,44,49,36,129,41,13,23,13,50
"566","caucasian",18,2,1,38,35,46,119,39,20,47,20,50
"567","caucasian",20,1,1,38,36,42,116,39,16,26,15,50
"568","asian",19,2,2,49,52,55,156,44,15,26,11,38
"569","caucasian",19,2,2,50,48,50,148,38,15,28,17,52
"570","caucasian",19,2,2,48,40,51,139,32,14,20,12,40
"571","caucasian",18,2,2,56,55,56,167,63,11,31,11,35
"572","caucasian",19,2,2,23,23,38,84,49,25,48,23,44
"573","caucasian",20,2,2,55,54,52,161,60,13,25,15,48
"574","asian",19,2,2,34,27,32,93,28,24,24,29,51
"575","asian",18,2,2,53,55,55,163,59,15,20,12,38
"576","caucasian",18,2,2,55,49,54,158,46,15,28,25,52
"577","caucasian",19,2,2,47,43,50,140,31,13,20,15,33
"578","caucasian",19,2,1,53,48,47,148,54,13,26,13,44
"579","asian",19,2,2,56,56,56,168,60,8,26,9,46
"580","caucasian",20,2,1,51,45,49,145,40,18,25,19,52
"581","caucasian",21,2,2,42,37,39,118,46,15,31,11,55
"582","caucasian",19,2,1,51,41,48,140,48,16,23,13,37
"583","caucasian",20,1,1,48,46,48,142,49,14,27,15,42
"584","caucasian",18,1,2,56,56,56,168,49,8,21,9,48
"585","biracial",19,1,2,45,32,45,122,36,19,37,14,56
"586","caucasian",21,1,2,53,48,50,151,40,13,20,9,57
"587","caucasian",18,2,2,55,56,49,160,59,13,24,13,47
"588","caucasian",20,2,2,36,30,44,110,31,19,27,15,41
"589","asian",19,2,2,37,33,41,111,28,23,27,23,49
"590","asian",18,2,2,37,29,38,104,43,19,28,17,38
"591","caucasian",19,1,2,45,37,47,129,59,23,40,22,60
"592","pacific islander",19,1,2,31,41,36,108,47,18,23,9,24
"593","caucasian",20,1,2,40,47,40,127,49,16,30,12,35
"594","caucasian",19,2,2,56,32,51,139,46,15,39,16,61
"595","caucasian",19,2,1,36,31,36,103,51,27,48,21,54
"596","pacific islander",18,1,2,56,44,56,156,45,14,22,18,45
"597","caucasian",19,1,2,32,32,32,96,42,24,51,27,48
"598","caucasian",18,2,1,49,44,48,141,40,13,28,20,52
"599","caucasian",18,2,2,53,53,53,159,69,13,22,14,37
"600","caucasian",19,2,2,46,46,48,140,29,10,18,9,29
"601","caucasian",22,1,2,43,41,38,122,47,11,17,13,40
"602","caucasian",19,1,2,32,32,32,96,43,25,52,18,48
"603","asian",18,1,2,46,54,55,155,62,17,34,10,49
"604","biracial",18,2,2,48,43,45,136,24,19,23,17,36
"605","caucasian",18,2,2,56,38,52,146,50,26,29,24,62
"606","caucasian",18,2,2,48,44,51,143,44,12,17,11,31
"607","caucasian",20,1,2,40,38,41,119,34,25,28,24,65
"608","caucasian",20,2,2,31,30,31,92,32,15,38,14,38
"609","caucasian",18,2,2,48,37,50,135,30,20,23,22,58
"610","caucasian",18,2,1,40,47,52,139,49,13,18,15,50
"611","caucasian",20,1,2,32,32,32,96,42,24,51,18,48
"612","caucasian",20,1,2,29,34,29,92,48,32,53,29,41
"613","caucasian",21,2,2,43,54,52,149,50,12,23,12,48
"614","caucasian",20,1,1,35,30,34,99,46,14,18,13,36
"615","caucasian",19,2,1,35,31,36,102,22,19,22,22,56
"616","asian",19,2,2,43,44,43,130,57,13,20,10,42
"617","asian",18,2,2,52,52,52,156,62,8,21,9,44
"618","caucasian",19,2,2,56,52,56,164,49,17,33,18,50
"619","asian",19,2,2,41,45,44,130,52,16,30,13,45
"620","caucasian",19,2,2,44,44,43,131,40,19,17,11,35
"621","caucasian",18,2,2,43,46,47,136,60,11,24,12,48
"622","american indian",18,1,2,26,21,30,77,30,30,61,29,61
"623","caucasian",20,2,2,50,39,52,141,45,23,27,17,59
"624","caucasian",20,1,2,51,52,51,154,53,12,41,12,56
"625","caucasian",18,2,2,32,33,29,94,41,24,39,20,56
"626","caucasian",19,2,2,42,43,44,129,38,17,40,14,45
"627","asian",20,1,2,32,31,32,95,40,23,49,18,43
"628","caucasian",21,2,1,52,53,52,157,53,13,20,10,33
"629","caucasian",19,2,2,50,44,35,129,51,19,22,15,44
"630","caucasian",19,2,2,56,50,55,161,66,20,38,14,48
"631","caucasian",19,2,2,51,47,45,143,60,12,31,14,50
"632","asian",20,2,2,51,47,49,147,52,18,40,22,56
"633","caucasian",21,2,2,52,54,54,160,59,12,25,12,41
"634","asian",19,1,2,50,45,42,137,58,17,21,11,41
"635","caucasian",19,2,2,49,53,54,156,61,16,27,18,38
"636","caucasian",20,2,2,56,55,56,167,70,14,24,10,54
"637","caucasian",19,1,2,46,22,47,115,41,30,52,24,58
"638","asian",18,2,2,37,32,33,102,42,22,50,9,48
"639","caucasian",18,2,2,42,45,45,132,34,20,30,15,46
"640","caucasian",18,2,2,46,49,48,143,58,12,29,10,40
"641","biracial",18,1,2,54,55,55,164,60,23,37,16,50
"642","asian",20,1,2,46,52,52,150,46,12,29,13,48
"643","african american",21,2,2,53,44,53,150,49,23,22,26,64
"644","caucasian",18,2,2,49,54,53,156,62,14,19,14,53
"645","caucasian",19,2,2,46,48,49,143,52,14,35,19,39
"646","caucasian",19,2,2,48,47,48,143,48,19,30,17,49
"647","asian",19,2,2,41,33,44,118,38,29,39,29,64
"648","caucasian",19,2,2,44,32,45,121,31,20,29,17,42
"649","asian",19,2,2,39,34,43,116,48,20,31,12,43
"650","caucasian",19,2,2,51,51,37,139,58,13,22,17,44
"651","caucasian",19,2,2,45,38,44,127,34,17,23,23,58
"652","caucasian",18,2,1,41,34,40,115,28,10,25,16,32
"653","caucasian",18,2,2,54,39,48,141,25,24,44,26,59
"654","asian",19,2,2,31,35,35,101,38,29,42,29,63
"655","caucasian",18,1,2,33,36,32,101,36,20,41,22,40
"656","caucasian",18,2,2,43,35,40,118,35,24,29,17,39
"657","biracial",18,2,2,45,38,42,125,43,22,25,15,57
"658","caucasian",18,2,1,42,39,37,118,50,23,50,19,60
"659","caucasian",19,1,2,32,32,32,96,14,8,17,9,16
"660","asian",18,2,2,49,41,47,137,49,22,29,17,36
"661","asian",19,1,1,50,45,36,131,37,22,24,18,58
"662","asian",18,2,2,29,33,42,104,45,26,45,26,62
"663","asian",19,2,2,36,23,34,93,19,22,17,18,47
"664","caucasian",18,2,2,56,36,50,142,37,15,23,12,38
"665","asian",19,2,2,54,31,51,136,27,33,21,27,62
"666","caucasian",19,2,2,34,29,45,108,33,21,31,15,53
"667","caucasian",18,1,1,31,35,33,99,44,21,38,9,51
"668","caucasian",19,2,2,50,42,45,137,27,15,20,12,34
"669","caucasian",18,2,2,53,45,53,151,62,22,40,17,56
"670","caucasian",18,2,1,47,44,49,140,42,13,22,13,37
"671","african american",18,2,2,53,54,55,162,51,16,18,15,43
"672","caucasian",18,2,2,56,56,56,168,70,14,40,9,46
"673","caucasian",18,2,2,45,35,42,122,53,18,33,17,46
"674","caucasian",19,2,1,33,11,22,66,23,30,41,28,60
"675","caucasian",22,2,2,45,37,46,128,16,24,39,30,57
"676","caucasian",19,2,1,35,35,36,106,38,17,26,11,46
"677","caucasian",20,2,2,46,48,44,138,57,12,23,12,49
"678","biracial",20,1,2,32,32,32,96,14,8,17,9,32
"679","caucasian",19,2,2,53,52,55,160,59,16,31,12,43
"680","caucasian",20,1,2,36,28,37,101,53,17,21,13,45
"681","caucasian",19,2,2,56,55,55,166,38,15,21,19,50
"682","biracial",21,1,2,34,31,34,99,39,22,27,14,54
"683","asian",19,1,2,43,35,40,118,36,14,20,15,42
"684","caucasian",20,2,2,32,32,32,96,64,10,20,9,28
"685","caucasian",18,1,1,49,46,47,142,58,13,26,11,39
"686","african american",19,2,2,51,46,55,152,62,17,33,13,61
"687","caucasian",19,2,2,47,43,51,141,43,13,24,13,23
"688","caucasian",20,2,2,45,29,40,114,37,27,32,28,56
"689","african american",21,2,2,53,46,51,150,44,14,23,12,29
"690","caucasian",19,2,2,56,52,55,163,67,11,21,11,40
"691","caucasian",18,1,2,41,52,49,142,56,12,31,11,31
"692","caucasian",19,1,2,45,47,44,136,53,12,21,11,32
"693","caucasian",19,1,2,51,49,52,152,50,20,25,11,35
"694","caucasian",19,2,2,36,38,43,117,35,18,26,22,61
"695","caucasian",19,2,2,55,48,42,145,29,19,26,16,50
"696","asian",19,2,2,54,46,52,152,43,16,19,18,56
"697","asian",19,2,2,54,43,56,153,46,13,18,12,54
"698","asian",18,2,2,39,42,45,126,41,21,27,22,56
"699","caucasian",18,2,2,56,56,53,165,59,13,28,11,65
"700","asian",20,1,2,50,46,43,139,48,15,33,14,45
"701","caucasian",18,2,2,53,51,54,158,57,18,20,15,47
"702","african american",21,2,2,44,50,49,143,48,12,26,12,26
"703","caucasian",19,2,2,40,41,46,127,30,16,21,18,61
"704","caucasian",18,2,2,52,37,50,139,31,19,29,15,35
"705","biracial",19,2,1,49,47,38,134,42,21,29,12,52
"706","caucasian",20,2,1,48,18,42,108,36,31,67,25,60
"707","caucasian",20,2,1,46,26,32,104,26,31,32,30,62
"708","caucasian",18,2,2,47,38,45,130,35,13,24,9,34
"709","caucasian",19,2,1,50,46,54,150,29,22,24,18,51
"710","asian",18,1,2,40,30,37,107,48,19,39,15,45
"711","caucasian",18,2,2,38,39,44,121,47,18,24,24,56
"712","caucasian",18,2,2,55,31,47,133,55,16,17,9,49
"713","caucasian",20,2,1,34,30,42,106,39,15,37,13,52
"714","caucasian",20,2,2,41,39,46,126,40,17,29,17,57
"715","caucasian",19,1,2,44,43,41,128,51,27,38,19,50
"716","caucasian",18,2,2,44,48,54,146,52,14,18,10,54
"717","asian",19,2,2,54,44,51,149,55,11,18,12,58
"718","asian",18,2,2,41,37,54,132,43,20,34,21,61
"719","caucasian",20,1,2,52,51,52,155,61,19,26,12,38
"720","asian",20,2,2,40,25,45,110,39,25,30,21,60
"721","caucasian",19,1,1,31,31,34,96,39,10,22,9,61
"722","asian",20,2,2,32,32,32,96,42,24,51,18,48
"723","caucasian",18,1,2,35,32,34,101,42,23,39,23,51
"724","asian",19,2,2,32,32,34,98,50,14,19,12,40
"725","caucasian",18,2,1,34,38,40,112,41,21,37,28,65
"726","biracial",19,2,2,34,30,40,104,21,29,30,31,51
"727","caucasian",19,2,2,28,41,40,109,39,12,21,12,28
"728","biracial",18,2,2,32,32,32,96,43,27,42,26,64
"729","caucasian",19,2,2,45,48,46,139,42,15,19,12,32
"730","caucasian",19,2,1,51,56,55,162,62,12,22,10,29
"731","african american",19,1,2,52,43,55,150,53,11,17,10,40
"732","caucasian",18,2,2,54,51,54,159,65,12,28,12,49
"733","caucasian",18,2,2,34,35,33,102,56,32,66,15,60
"734","asian",18,2,2,52,45,56,153,55,15,30,10,51
"735","asian",19,1,2,36,43,44,123,41,9,17,10,23
"736","caucasian",20,1,2,40,40,42,122,47,13,17,9,35
"737","caucasian",19,2,2,37,39,36,112,35,24,51,27,41
"738","caucasian",18,2,2,46,41,46,133,44,27,42,22,56
"739","caucasian",19,2,2,37,38,49,124,21,26,48,27,51
"740","caucasian",19,2,2,39,38,46,123,43,21,32,19,48
"741","asian",20,1,2,49,39,51,139,37,24,34,29,59
"742","caucasian",21,2,2,53,33,44,130,32,26,30,17,60
"743","caucasian",19,2,2,39,40,37,116,42,14,20,16,30
"744","american indian",18,2,2,39,49,43,131,46,9,19,9,28
"745","biracial",18,2,2,42,33,38,113,27,28,26,22,49
"746","biracial",19,2,2,26,31,32,89,32,27,37,20,59
"747","caucasian",18,2,2,43,41,43,127,55,22,34,16,43
"748","caucasian",20,2,1,32,33,36,101,41,22,39,14,49
"749","caucasian",21,1,2,26,23,25,74,18,22,18,19,40
"750","caucasian",18,2,2,54,52,55,161,54,17,29,16,42
"751","caucasian",18,2,2,34,14,37,85,21,31,47,36,57
"752","african american",18,2,2,45,39,37,121,40,14,29,13,41
"753","caucasian",19,2,2,51,49,55,155,55,11,20,12,50
"754","caucasian",19,2,1,56,56,56,168,57,15,26,9,51
"755","asian",18,2,2,45,42,50,137,46,26,48,23,55
"756","caucasian",18,2,1,41,47,44,132,43,14,18,12,32
"757","caucasian",19,2,2,45,45,45,135,32,25,40,24,47
"758","caucasian",19,2,2,49,33,36,118,42,18,26,15,44
"759","caucasian",19,2,2,37,27,40,104,25,26,43,21,61
"760","asian",17,2,2,48,43,46,137,40,20,31,21,49
"761","caucasian",19,2,2,45,35,39,119,36,24,28,27,57
"762","caucasian",18,2,1,50,41,52,143,52,15,45,24,50
"763","caucasian",18,1,2,51,49,47,147,57,11,18,10,38
"764","caucasian",18,2,2,29,26,31,86,19,26,31,20,46
"765","caucasian",20,2,2,40,41,36,117,47,12,20,12,39
"766","caucasian",18,2,2,40,41,44,125,41,10,19,12,51
"767","caucasian",18,2,2,40,41,51,132,36,22,26,10,33
"768","biracial",18,2,2,43,39,45,127,37,21,24,21,53
"769","caucasian",26,2,2,51,45,49,145,42,16,27,14,61
"770","caucasian",18,2,2,55,52,53,160,49,9,34,10,48
"771","caucasian",19,2,2,41,28,41,110,31,29,26,27,57
"772","caucasian",18,2,2,38,38,25,101,29,25,34,19,46
"773","asian",20,1,2,35,41,39,115,49,29,48,25,49
"774","caucasian",19,2,2,51,47,48,146,40,16,24,16,49
"775","biracial",21,2,2,48,47,53,148,53,15,25,10,55
"776","caucasian",19,2,2,56,47,56,159,35,24,22,16,59
"777","caucasian",19,2,2,46,47,41,134,48,22,43,24,55
"778","caucasian",18,2,2,34,35,34,103,33,10,21,9,32
"779","caucasian",18,2,2,44,41,45,130,46,11,28,13,38
"780","caucasian",18,2,2,36,35,37,108,44,20,34,28,65
"781","asian",19,2,2,29,27,30,86,25,21,34,13,40
"782","african american",18,1,2,50,54,51,155,55,17,27,14,32
"783","caucasian",18,2,2,50,30,48,128,51,18,37,14,60
"784","caucasian",18,2,2,56,56,56,168,69,10,17,10,28
"785","caucasian",18,1,2,53,48,50,151,55,22,27,14,49
"786","caucasian",18,2,2,51,49,50,150,44,11,17,12,45
"787","caucasian",18,2,2,37,25,39,101,32,25,40,25,42
"788","caucasian",20,1,1,54,49,53,156,47,15,19,9,53
"789","caucasian",18,2,2,48,39,39,126,42,20,28,22,47
"790","caucasian",20,2,2,44,46,45,135,38,20,37,24,40
"791","caucasian",19,1,2,38,32,36,106,26,26,32,22,47
"792","caucasian",26,1,2,34,33,32,99,23,18,24,20,49
"793","caucasian",19,2,2,48,42,42,132,24,21,21,20,53
"794","caucasian",19,2,2,37,22,39,98,30,21,28,13,52
"795","caucasian",19,2,2,30,25,40,95,19,22,29,26,59
"796","caucasian",18,2,2,51,32,38,121,48,18,27,17,44
"797","caucasian",18,1,1,41,44,39,124,50,15,22,13,38
"798","caucasian",34,1,2,20,30,44,94,30,11,18,16,35
"799","asian",18,2,2,33,32,29,94,29,22,54,21,60
"800","caucasian",20,2,2,37,15,35,87,31,23,30,24,57
"801","caucasian",19,2,2,42,34,35,111,27,25,32,27,53
"802","caucasian",20,2,1,41,41,43,125,36,21,52,18,65
"803","african american",19,1,2,36,46,39,121,42,21,20,13,44
"804","caucasian",19,2,2,47,44,48,139,60,22,50,13,47
"805","caucasian",18,2,2,41,35,39,115,50,20,25,12,41
"806","caucasian",18,2,2,52,38,52,142,47,20,34,23,60
"807","caucasian",18,2,1,34,49,48,131,63,10,33,17,35
"808","caucasian",19,2,2,34,38,35,107,44,20,25,17,47
"809","caucasian",19,2,2,34,28,34,96,42,29,40,14,56
"810","caucasian",18,2,2,54,48,53,155,44,14,20,14,38
"811","american indian",19,2,1,45,44,46,135,38,16,37,19,45
"812","african american",18,2,2,43,45,38,126,44,20,37,14,50
"813","caucasian",18,2,2,56,38,56,150,42,21,37,21,49
"814","caucasian",18,2,2,51,42,49,142,61,11,34,11,58
"815","caucasian",19,2,2,49,47,52,148,55,24,49,15,53
"816","caucasian",21,1,2,47,48,50,145,48,13,20,11,43
"817","biracial",18,2,2,48,50,51,149,45,9,18,11,41
"818","caucasian",18,2,1,44,44,38,126,63,8,18,9,33
"819","african american",20,2,2,47,38,36,121,43,21,21,15,54
"820","caucasian",18,1,1,46,28,50,124,39,20,33,12,72
"821","asian",18,2,2,38,40,34,112,50,25,54,25,64
"822","caucasian",18,2,2,47,44,50,141,50,16,24,13,42
"823","biracial",18,2,2,29,39,53,121,43,23,38,16,45
"824","biracial",19,2,2,40,31,37,108,42,23,34,18,53
"825","caucasian",18,1,2,34,34,36,104,46,8,20,9,43
"826","caucasian",19,2,1,44,40,42,126,28,18,37,24,54
"827","asian",19,1,1,47,46,49,142,51,19,33,22,44
"828","caucasian",18,1,2,44,42,47,133,37,13,21,13,56
"829","caucasian",18,2,2,40,29,34,103,39,28,34,22,34
"830","caucasian",18,2,2,39,40,50,129,48,18,36,16,50
"831","caucasian",18,2,2,48,39,49,136,33,24,37,26,57
"832","caucasian",19,2,2,32,32,32,96,42,22,51,14,48
"833","caucasian",18,2,2,42,37,51,130,55,16,27,16,61
"834","caucasian",18,2,2,40,23,31,94,43,22,42,19,53
"835","caucasian",19,2,2,46,48,49,143,54,21,42,14,36
"836","asian",18,2,2,44,35,55,134,32,28,19,20,58
"837","caucasian",25,2,2,44,26,31,101,21,25,39,22,60
"838","asian",19,1,2,44,44,47,135,41,15,28,13,42
"839","asian",18,2,2,42,42,54,138,39,14,25,10,49
"840","caucasian",20,1,2,43,36,45,124,56,20,31,15,42
"841","caucasian",20,1,2,45,43,44,132,34,22,41,18,47
"842","american indian",19,2,2,36,46,53,135,55,12,28,16,44
"843","caucasian",18,2,2,36,27,34,97,38,24,20,19,42
"844","caucasian",18,2,2,49,38,51,138,37,22,32,17,41
"845","african american",20,2,2,50,39,44,133,45,15,41,16,63
"846","asian",18,1,2,45,49,49,143,57,10,28,9,45
"847","african american",22,2,2,27,38,26,91,31,24,19,13,42
"848","american indian",19,2,2,47,55,53,155,54,10,19,9,40
"849","caucasian",19,2,2,42,35,34,111,35,16,19,9,45
"850","caucasian",18,2,2,18,34,34,86,29,25,41,23,44
"851","asian",18,1,2,34,35,44,113,41,22,42,19,60
"852","caucasian",18,2,2,45,42,47,134,38,21,26,21,57
"853","caucasian",18,2,2,56,47,53,156,55,18,31,17,58
"854","caucasian",18,2,2,56,55,55,166,33,20,37,23,54
"855","asian",19,2,2,54,53,51,158,57,14,27,13,51
"856","asian",19,1,2,45,50,47,142,39,13,18,9,39
"857","caucasian",18,2,2,32,29,27,88,26,25,21,20,58
"858","biracial",18,2,2,41,25,33,99,27,24,22,15,62
"859","biracial",19,1,2,43,35,45,123,54,18,29,12,48
"860","biracial",18,2,2,45,35,39,119,36,12,21,12,38
"861","caucasian",20,2,2,46,31,40,117,32,26,28,18,53
"862","caucasian",19,1,2,23,28,51,102,25,27,30,18,54
"863","asian",19,2,2,40,31,41,112,40,22,23,21,59
"864","caucasian",18,2,2,35,38,32,105,49,17,48,16,63
"865","caucasian",18,2,2,44,43,26,113,38,21,61,25,53
"866","asian",18,2,2,29,42,40,111,41,26,33,22,44
"867","caucasian",18,1,2,47,22,47,116,50,24,35,18,50
"868","caucasian",19,2,2,37,25,33,95,21,30,33,23,50
"869","african american",19,2,2,56,56,56,168,63,18,19,12,38
"870","caucasian",19,1,2,27,32,34,93,44,14,19,12,36
"871","caucasian",19,2,2,44,41,42,127,48,19,34,15,57
"872","asian",18,2,2,45,54,53,152,55,18,22,12,52
"873","biracial",18,2,2,48,52,49,149,57,16,31,12,61
"874","african american",19,2,2,56,56,55,167,58,15,25,11,35
"875","african american",19,2,2,33,26,44,103,45,31,38,24,62
"876","caucasian",18,2,2,35,36,40,111,45,20,31,16,55
"877","caucasian",18,2,2,46,47,53,146,53,12,25,9,51
"878","asian",20,2,2,56,50,56,162,36,24,37,16,60
"879","caucasian",19,2,2,44,37,40,121,45,16,30,11,44
"880","caucasian",19,1,2,49,46,44,139,62,12,19,11,36
"881","caucasian",22,2,2,37,23,40,100,39,22,23,14,41
"882","caucasian",18,2,2,47,40,43,130,56,22,43,13,54
"883","caucasian",19,2,2,56,34,37,127,55,20,24,20,38
"884","asian",19,2,2,38,30,35,103,30,27,24,18,46
"885","asian",19,2,2,38,32,36,106,15,22,18,19,44
"886","caucasian",18,2,2,39,22,34,95,30,28,34,23,48
"887","caucasian",18,2,2,28,28,44,100,27,26,39,23,57
"888","caucasian",20,2,2,45,46,51,142,56,15,20,11,48
"889","caucasian",18,2,2,33,24,36,93,35,19,33,13,48
"890","caucasian",19,2,2,35,32,43,110,44,23,41,14,47
"891","caucasian",20,1,2,33,35,27,95,26,22,48,19,58
"892","caucasian",19,2,1,26,25,26,77,42,16,24,14,37
"893","caucasian",18,2,2,56,52,55,163,65,13,27,13,59
"894","asian",19,1,2,35,36,31,102,42,23,54,21,50
"895","caucasian",20,2,2,32,32,32,96,70,40,85,34,60
"896","african american",17,2,2,32,29,30,91,43,27,53,27,65
"897","asian",20,2,2,54,49,50,153,40,18,46,22,30
"898","biracial",18,2,2,36,33,38,107,30,23,36,22,54
"899","african american",19,2,1,34,41,56,131,31,20,38,21,54
"900","caucasian",21,1,2,37,39,38,114,45,12,28,9,34
"901","caucasian",19,1,2,32,35,40,107,46,17,39,19,36
"902","biracial",18,2,2,47,42,49,138,34,18,24,15,64
"903","caucasian",18,2,1,54,47,52,153,39,15,34,15,56
"904","asian",20,1,2,49,50,50,149,58,11,33,9,43
"905","caucasian",18,2,1,49,48,52,149,54,15,23,17,33
"906","caucasian",19,2,1,35,31,33,99,28,27,31,23,54
"907","asian",19,2,2,56,56,56,168,70,8,24,15,42
"908","biracial",18,2,2,24,36,27,87,22,26,49,25,46
"909","caucasian",21,2,2,35,45,43,123,48,11,30,13,61
"910","caucasian",18,2,2,38,29,45,112,48,16,29,17,28
"911","biracial",19,2,2,54,46,50,150,45,21,28,17,52
"912","caucasian",19,2,1,52,28,50,130,49,30,55,29,64
"913","caucasian",19,2,2,47,39,40,126,44,16,32,15,48
"914","caucasian",18,2,2,52,54,52,158,60,13,30,15,38
"915","caucasian",19,2,1,45,50,46,141,48,13,20,14,51
"916","caucasian",21,2,2,55,52,50,157,50,16,50,17,38
"917","caucasian",18,2,2,24,18,30,72,33,30,69,34,54
"918","caucasian",18,2,2,43,40,43,126,39,14,19,16,45
"919","caucasian",18,1,2,48,41,47,136,30,18,24,14,43
"920","caucasian",18,1,2,43,48,33,124,46,15,23,11,36
"921","caucasian",18,1,2,42,31,24,97,27,15,26,17,31
"922","caucasian",22,2,2,39,39,42,120,44,21,32,18,59
"923","caucasian",19,2,2,52,42,49,143,51,22,24,18,47
"924","african american",18,2,2,51,49,37,137,48,17,21,18,35
"925","caucasian",19,2,2,48,31,38,117,44,18,36,20,53
"926","caucasian",19,2,2,32,25,38,95,21,22,28,24,34
"927","caucasian",18,2,2,46,51,51,148,68,12,23,12,30
"928","asian",18,2,2,38,38,40,116,30,15,25,11,48
"929","caucasian",18,2,2,52,51,50,153,53,15,35,15,35
"930","biracial",19,2,2,42,31,46,119,35,16,23,17,41
"931","asian",20,2,2,53,47,49,149,61,19,37,15,43
"932","caucasian",18,1,2,34,49,52,135,37,8,21,14,31
"933","caucasian",19,1,2,37,33,28,98,33,25,35,19,53
"934","caucasian",20,2,2,47,54,49,150,48,17,22,14,59
"935","asian",18,1,2,54,53,50,157,59,26,23,23,41
"936","caucasian",18,2,2,56,50,54,160,49,13,23,14,47
"937","asian",20,1,2,34,42,36,112,52,9,22,10,34
"938","caucasian",18,2,2,40,37,39,116,43,25,26,16,35
"939","asian",19,2,2,32,32,32,96,45,27,44,27,51
"940","caucasian",18,2,2,44,39,38,121,38,18,24,15,60
"941","asian",18,2,2,43,36,42,121,39,16,50,23,58
"942","caucasian",18,2,2,39,23,37,99,27,25,33,18,61
"943","caucasian",18,2,2,46,41,49,136,44,21,25,11,38
"944","caucasian",19,2,2,54,52,52,158,53,21,31,15,42
"945","african american",20,1,2,38,38,39,115,53,22,32,15,45
"946","caucasian",18,2,2,51,46,55,152,61,12,39,12,62
"947","caucasian",20,2,2,49,45,53,147,48,10,18,11,53
"948","caucasian",19,2,2,40,42,51,133,39,14,23,14,43
"949","caucasian",19,2,2,50,50,56,156,63,16,26,12,35
"950","caucasian",18,2,1,50,50,43,143,56,10,17,9,24
"951","asian",19,1,2,46,32,48,126,44,21,19,16,55
"952","asian",19,2,2,53,53,56,162,47,10,17,9,50
"953","caucasian",19,2,1,41,24,54,119,22,25,53,32,61
"954","caucasian",18,2,1,56,49,56,161,60,24,34,16,34
"955","caucasian",19,1,2,42,46,52,140,40,11,21,11,32
"956","caucasian",18,2,2,48,44,52,144,38,13,29,17,54
"957","caucasian",18,2,2,46,35,37,118,25,21,21,16,49
"958","caucasian",18,2,2,22,19,18,59,18,20,19,15,28
"959","african american",18,2,2,32,33,33,98,35,19,43,18,48
"960","caucasian",19,1,2,52,43,46,141,47,17,24,17,50
"961","biracial",18,2,2,46,45,48,139,38,19,19,14,54
"962","caucasian",19,2,2,56,32,50,138,17,28,32,26,61
"963","caucasian",24,1,2,28,25,32,85,28,31,52,29,57
"964","caucasian",19,2,2,32,32,32,96,36,18,43,19,48
"965","caucasian",18,2,2,56,55,54,165,56,18,25,19,43
"966","african american",18,2,2,30,20,40,90,38,37,53,27,55
"967","caucasian",19,2,2,46,48,43,137,43,21,24,15,50
"968","caucasian",18,2,2,26,20,30,76,22,31,53,33,62
"969","asian",18,2,2,45,44,47,136,41,21,32,13,40
"970","caucasian",19,2,2,42,36,43,121,26,28,40,22,29
"971","caucasian",18,2,2,41,35,46,122,47,26,41,19,56
"972","asian",18,1,2,38,37,37,112,46,20,21,17,50
"973","asian",18,1,2,49,30,48,127,39,17,20,21,51
"974","biracial",18,2,2,43,43,49,135,51,17,22,13,36
"975","caucasian",19,2,2,36,35,44,115,32,28,52,30,60
"976","caucasian",18,2,2,37,35,35,107,37,21,31,21,55
"977","asian",19,2,2,56,53,53,162,45,31,55,21,62
"978","caucasian",18,2,2,53,38,43,134,32,31,38,22,58
"979","caucasian",18,2,2,43,47,43,133,48,13,24,11,38
"980","caucasian",18,2,2,54,30,51,135,36,21,32,21,52
"981","biracial",19,2,2,56,43,54,153,48,18,25,16,35
"982","caucasian",19,2,2,54,49,47,150,54,13,27,13,56
"983","caucasian",19,2,2,52,31,40,123,32,20,17,12,48
"984","caucasian",18,2,2,22,15,25,62,15,35,49,30,66
"985","asian",18,2,2,41,45,48,134,42,14,27,11,44
"986","caucasian",18,1,2,33,35,33,101,52,19,34,12,54
"987","asian",18,2,2,32,36,41,109,28,12,20,17,56
"988","caucasian",18,2,2,48,37,29,114,48,19,28,16,42
"989","caucasian",20,2,2,43,35,42,120,42,20,18,11,46
"990","caucasian",18,2,2,49,41,51,141,47,14,21,12,41
"991","biracial",21,2,2,38,32,38,108,32,22,52,24,54
"992","asian",18,2,2,37,45,37,119,36,19,18,15,51
"993","caucasian",18,2,2,42,38,41,121,47,25,27,20,62
"994","caucasian",19,2,2,30,27,42,99,31,17,26,15,54
"995","asian",20,2,2,49,53,55,157,49,13,29,12,50
"996","caucasian",21,2,2,46,39,37,122,37,17,18,12,37
"997","caucasian",18,2,1,51,52,50,153,58,14,28,14,54
"998","caucasian",19,2,2,37,44,49,130,49,17,29,13,51
"999","caucasian",19,1,2,55,29,46,130,49,24,37,21,58
"1000","asian",20,2,2,32,35,34,101,39,21,43,18,60
"1001","caucasian",18,2,2,53,42,51,146,37,20,17,18,47
"1002","asian",18,2,2,54,47,56,157,59,19,32,10,39
"1003","asian",21,1,1,38,20,44,102,38,19,21,14,66
"1004","caucasian",18,2,2,51,41,42,134,58,13,25,10,43
"1005","caucasian",18,2,2,33,42,38,113,56,18,40,13,49
"1006","caucasian",19,2,2,48,34,49,131,51,21,36,14,43
"1007","asian",18,2,2,32,32,32,96,27,26,34,21,62
"1008","caucasian",18,2,2,47,45,51,143,64,17,30,13,60
"1009","caucasian",19,1,2,36,29,39,104,43,16,26,14,35
"1010","caucasian",18,2,1,44,47,47,138,35,16,28,17,58
"1011","caucasian",18,2,2,56,52,56,164,48,19,29,11,50
"1012","caucasian",18,2,2,44,44,48,136,35,21,25,18,42
"1013","asian",19,1,2,40,25,48,113,30,26,27,27,52
"1014","caucasian",18,2,2,41,40,42,123,55,16,24,16,32
"1015","caucasian",19,2,2,56,47,56,159,51,16,17,12,48
"1016","caucasian",20,2,2,56,56,56,168,64,18,26,16,60
"1017","caucasian",20,2,2,35,31,29,95,35,17,44,13,29
"1018","caucasian",18,2,2,42,40,33,115,44,23,30,11,40
"1019","caucasian",18,1,2,39,37,45,121,61,11,17,10,44
"1020","caucasian",18,2,1,50,48,54,152,41,16,33,17,58
"1021","caucasian",18,2,2,32,32,32,96,61,9,19,12,58
"1022","african american",18,2,1,48,46,52,146,53,19,29,17,50
"1023","asian",18,2,2,47,47,48,142,46,18,44,11,53
"1024","asian",21,1,2,47,44,48,139,58,14,23,13,49
"1025","caucasian",18,2,2,31,51,56,138,52,16,29,23,54
"1026","caucasian",18,2,2,36,38,31,105,46,23,19,16,51
"1027","caucasian",18,2,2,40,42,49,131,51,21,32,22,42
"1028","caucasian",20,1,2,46,47,49,142,53,15,21,12,34
"1029","biracial",19,2,2,48,37,49,134,52,17,32,21,52
"1030","asian",21,2,2,35,33,31,99,56,25,29,21,51
"1031","caucasian",19,2,1,52,53,51,156,53,16,50,15,36
"1032","caucasian",18,2,2,54,44,54,152,49,19,45,14,46
"1033","asian",18,2,2,40,40,40,120,42,24,51,9,48
"1034","caucasian",18,2,2,54,52,53,159,64,9,24,11,42
"1035","caucasian",18,2,2,43,41,36,120,44,23,24,22,44
"1036","caucasian",19,1,2,24,36,26,86,34,24,31,15,50
"1037","asian",18,2,2,33,36,45,114,23,22,38,19,38
"1038","asian",18,2,2,33,41,40,114,50,14,25,20,54
"1039","caucasian",18,2,2,54,45,51,150,59,23,43,12,50
"1040","caucasian",19,2,2,50,56,50,156,68,8,20,9,26
"1041","caucasian",19,2,2,50,40,45,135,41,18,19,10,48
"1042","asian",18,1,2,49,29,44,122,33,25,35,18,52
"1043","caucasian",20,2,2,51,25,43,119,38,23,29,18,58
"1044","caucasian",19,2,2,55,44,50,149,54,31,40,17,59
"1045","caucasian",20,2,2,46,46,47,139,57,10,26,9,36
"1046","asian",23,2,2,42,46,43,131,26,21,27,15,44
"1047","caucasian",20,2,2,30,42,38,110,26,29,19,28,54
"1048","caucasian",19,2,2,53,29,36,118,32,28,40,22,57
"1049","asian",20,2,2,37,42,45,124,27,10,17,10,25
"1050","asian",22,1,2,53,54,56,163,59,13,20,9,62
"1051","caucasian",18,2,2,25,26,37,88,35,29,49,21,60
"1052","caucasian",18,2,2,48,48,47,143,47,14,21,11,47
"1053","caucasian",20,1,2,52,55,52,159,65,14,37,13,50
"1054","caucasian",18,2,2,36,18,32,86,20,22,17,21,54
"1055","asian",20,1,2,47,33,48,128,44,18,46,17,48
"1056","asian",20,2,2,50,39,47,136,41,20,25,16,53
"1057","caucasian",18,2,2,53,50,53,156,48,14,18,9,53
"1058","caucasian",18,2,1,42,40,50,132,44,13,20,14,47
"1059","caucasian",18,2,2,48,43,48,139,39,18,29,13,50
"1060","caucasian",20,2,2,54,46,52,152,39,12,19,12,53
"1061","asian",18,2,2,56,45,56,157,56,14,21,13,33
"1062","caucasian",18,2,2,56,34,44,134,41,14,26,14,48
"1063","caucasian",18,2,2,41,41,45,127,39,8,18,11,44
"1064","caucasian",18,2,2,35,37,43,115,57,18,22,12,60
"1065","caucasian",19,2,2,34,34,39,107,33,21,35,19,60
"1066","caucasian",18,2,2,34,31,35,100,37,21,19,17,38
"1067","biracial",18,2,2,30,24,30,84,29,25,19,17,45
"1068","caucasian",18,2,2,53,49,48,150,41,21,23,16,48
"1069","caucasian",18,2,2,51,46,29,126,33,22,27,28,63
"1070","caucasian",21,2,2,38,34,35,107,48,16,34,14,53
"1071","caucasian",19,2,2,40,35,45,120,43,19,54,16,57
"1072","caucasian",20,2,2,45,42,43,130,52,9,25,17,55
"1073","caucasian",18,2,2,40,34,38,112,36,15,18,14,43
"1074","caucasian",18,2,2,50,41,51,142,23,26,36,28,55
"1075","caucasian",18,2,2,48,46,49,143,36,12,19,12,50
"1076","caucasian",18,2,2,36,44,39,119,59,14,25,10,43
"1077","caucasian",18,2,2,53,33,50,136,28,16,35,13,56
"1078","caucasian",17,2,2,48,37,44,129,55,20,47,21,49
"1079","caucasian",18,2,2,47,22,32,101,40,28,31,26,60
"1080","caucasian",18,2,2,39,31,39,109,32,15,22,16,57
"1081","biracial",18,2,1,21,17,18,56,30,25,38,32,60
"1082","asian",19,2,2,47,43,44,134,32,13,19,13,30
"1083","caucasian",19,2,2,50,49,52,151,56,16,28,16,47
"1084","asian",18,2,2,32,32,32,96,42,27,53,21,48
"1085","caucasian",19,1,2,41,40,54,135,45,22,29,19,54
"1086","caucasian",21,2,2,32,32,32,96,33,36,60,36,52
"1087","caucasian",18,1,2,31,31,28,90,48,24,31,22,46
"1088","caucasian",19,2,2,48,47,47,142,46,18,28,12,48
"1089","caucasian",18,1,2,51,47,53,151,54,16,35,14,43
"1090","caucasian",18,2,2,46,21,40,107,33,30,23,32,61
"1091","biracial",19,2,2,44,50,43,137,36,15,21,14,39
"1092","caucasian",22,1,2,42,44,42,128,54,25,25,23,37
"1093","asian",20,1,2,35,31,39,105,44,12,26,9,31
"1094","caucasian",19,1,2,46,51,46,143,51,13,29,12,31
"1095","asian",18,1,2,26,13,36,75,17,33,44,36,58
"1096","asian",20,1,2,52,38,48,138,54,28,45,23,52
"1097","caucasian",19,1,2,46,42,46,134,28,17,26,18,47
"1098","african american",21,2,2,38,23,37,98,23,26,28,28,60
"1099","asian",26,2,2,21,37,25,83,17,32,32,27,53
"1100","caucasian",19,1,2,43,40,43,126,58,28,32,16,52
"1101","african american",19,2,1,53,42,46,141,20,20,46,20,38
"1102","caucasian",19,2,2,41,50,45,136,53,15,44,15,50
"1103","asian",18,1,2,32,31,32,95,37,22,48,18,48
"1104","caucasian",19,2,2,31,27,32,90,21,20,43,20,38
"1105","caucasian",20,2,2,23,31,34,88,23,23,35,21,60
"1106","caucasian",19,2,2,41,40,43,124,35,13,24,14,42
"1107","caucasian",20,2,2,47,43,52,142,54,14,31,13,34
"1108","asian",18,2,2,37,31,45,113,45,18,27,19,45
"1109","caucasian",19,2,2,56,51,56,163,55,12,19,14,38
"1110","pacific islander",20,2,1,39,31,27,97,52,22,36,25,68
"1111","asian",19,2,2,28,21,27,76,32,26,65,27,61
"1112","caucasian",19,2,2,46,45,47,138,63,11,19,12,54
"1113","caucasian",19,2,2,37,48,38,123,40,11,17,23,42
"1114","asian",18,1,2,22,27,27,76,15,30,24,15,50
"1115","caucasian",19,1,2,40,35,34,109,45,20,34,18,46
"1116","asian",18,1,2,31,34,32,97,37,18,28,19,45
"1117","pacific islander",19,2,1,56,46,53,155,60,12,45,21,43
"1118","asian",21,2,2,34,28,35,97,36,31,31,35,55
"1119","caucasian",18,2,1,56,50,54,160,43,17,33,20,60
"1120","caucasian",20,2,2,55,52,53,160,59,18,24,12,35
"1121","caucasian",19,1,2,51,39,51,141,57,17,32,12,50
"1122","caucasian",19,2,1,42,34,44,120,26,23,33,28,55
"1123","pacific islander",19,2,2,56,53,56,165,65,11,19,9,56
"1124","caucasian",20,1,1,31,37,39,107,27,16,31,16,47
"1125","caucasian",18,2,2,48,48,48,144,43,9,18,11,26
"1126","caucasian",21,2,2,55,56,56,167,61,13,19,11,32
"1127","caucasian",21,1,2,41,43,38,122,36,17,18,12,35
"1128","caucasian",18,2,1,52,52,40,144,40,10,22,12,33
"1129","asian",19,2,2,44,49,45,138,50,11,22,9,34
"1130","caucasian",20,2,2,46,45,41,132,52,22,55,14,56
"1131","caucasian",18,2,1,42,37,52,131,57,21,34,14,57
"1132","caucasian",20,1,2,44,42,43,129,52,16,24,11,44
"1133","caucasian",19,2,2,39,42,38,119,26,16,39,17,42
"1134","caucasian",19,2,2,52,53,53,158,55,13,23,11,42
"1135","asian",18,2,2,26,31,39,96,41,26,32,24,64
"1136","caucasian",19,2,2,43,42,46,131,43,21,31,16,32
"1137","caucasian",19,2,2,49,42,48,139,50,17,28,17,51
"1138","caucasian",18,1,2,55,52,54,161,57,13,18,12,43
"1139","asian",21,1,2,32,31,38,101,37,24,38,16,57
"1140","caucasian",19,2,1,53,53,52,158,42,13,26,16,56
"1141","asian",21,2,2,55,55,56,166,60,12,25,11,46
"1142","caucasian",19,2,2,32,32,32,96,45,24,53,30,57
"1143","caucasian",20,2,2,43,32,43,118,43,23,44,21,34
"1144","caucasian",21,2,2,53,40,47,140,38,18,22,17,57
"1145","caucasian",19,1,2,35,37,32,104,34,16,24,13,31
"1146","caucasian",19,2,2,47,39,51,137,32,12,26,15,41
"1147","asian",19,2,2,49,43,45,137,42,17,30,14,49
"1148","african american",19,2,1,47,45,46,138,58,20,33,16,48
"1149","caucasian",19,2,2,56,44,55,155,65,14,26,11,38
"1150","caucasian",20,2,2,35,43,40,118,22,13,17,11,44
"1151","biracial",18,2,2,50,48,56,154,38,16,32,17,65
"1152","caucasian",19,2,2,51,49,54,154,50,16,18,16,55
"1153","caucasian",19,2,2,32,32,32,96,42,24,51,18,48
"1154","caucasian",19,1,2,43,48,38,129,51,16,19,10,47
"1155","asian",21,2,2,38,22,43,103,44,26,40,25,60
"1156","asian",20,1,2,45,42,48,135,33,25,29,19,37
"1157","caucasian",18,2,2,51,51,53,155,57,24,54,23,51
"1158","caucasian",20,2,2,49,52,52,153,33,15,24,15,46
"1159","asian",19,1,2,47,47,52,146,63,19,44,17,59
"1160","caucasian",19,1,2,50,39,49,138,39,14,17,20,46
"1161","caucasian",18,2,2,47,37,46,130,45,11,21,10,31
"1162","caucasian",20,2,2,45,35,40,120,55,20,37,18,45
"1163","asian",21,1,1,53,51,54,158,58,21,21,17,50
"1164","caucasian",19,2,2,51,55,51,157,56,15,29,14,27
"1165","caucasian",19,1,2,39,38,38,115,40,18,22,18,44
"1166","african american",18,2,2,54,43,55,152,36,18,24,17,46
"1167","caucasian",19,2,2,42,24,29,95,25,28,21,26,57
"1168","asian",19,2,2,27,37,28,92,34,32,36,23,54
"1169","caucasian",20,1,2,46,43,39,128,48,17,21,16,46
"1170","caucasian",19,2,2,49,35,38,122,35,22,35,19,58
"1171","caucasian",19,2,2,28,17,46,91,23,33,42,26,51
"1172","caucasian",18,2,2,47,45,47,139,40,18,24,16,45
"1173","asian",19,2,2,52,35,41,128,52,20,37,19,63
"1174","african american",18,2,2,32,33,39,104,24,17,36,16,51
"1175","caucasian",19,2,2,45,46,47,138,47,17,20,10,41
"1176","asian",18,2,2,47,48,52,147,47,20,31,23,53
"1177","caucasian",20,2,2,37,44,48,129,52,16,29,13,57
"1178","caucasian",18,2,2,47,53,45,145,46,11,32,12,44
"1179","asian",19,2,2,45,40,35,120,53,23,35,29,62
"1180","caucasian",20,2,2,55,49,56,160,60,9,21,10,55
"1181","caucasian",19,2,2,43,39,50,132,46,18,36,15,36
"1182","caucasian",21,1,2,36,45,44,125,50,19,35,19,44
"1183","caucasian",20,1,2,39,44,43,126,52,20,42,13,57
"1184","caucasian",19,2,2,48,52,51,151,48,15,40,15,47
"1185","caucasian",18,2,2,41,36,33,110,46,15,20,15,63
"1186","asian",18,2,2,56,49,54,159,59,15,20,15,35
"1187","asian",18,1,2,35,41,38,114,36,13,30,18,51
"1188","caucasian",18,1,2,27,36,46,109,42,13,25,17,60
"1189","caucasian",19,2,2,56,55,56,167,65,10,33,15,24
"1190","caucasian",18,2,1,51,49,52,152,53,16,33,17,35
"1191","caucasian",19,1,2,31,36,30,97,18,24,35,18,49
"1192","caucasian",19,2,2,50,48,46,144,64,13,22,12,40
"1193","caucasian",20,1,2,38,34,44,116,30,19,25,15,48
"1194","asian",18,2,2,35,31,35,101,37,17,24,20,60
"1195","african american",18,2,2,40,32,45,117,23,19,32,12,43
"1196","caucasian",19,2,2,20,15,23,58,17,32,35,28,60
"1197","caucasian",21,1,2,53,54,53,160,49,14,18,13,38
"1198","caucasian",19,1,2,44,44,44,132,52,18,22,14,47
"1199","biracial",19,1,2,34,27,30,91,43,25,42,23,64
"1200","asian",19,2,2,50,25,30,105,21,19,35,23,54
"1201","caucasian",18,2,2,55,46,47,148,44,29,33,17,62
"1202","caucasian",18,2,1,50,36,49,135,42,20,28,25,62
"1203","caucasian",18,2,2,33,31,38,102,46,23,47,21,49
"1204","caucasian",19,2,2,56,55,53,164,55,17,30,21,40
"1205","asian",19,2,2,29,29,36,94,28,14,35,9,61
"1206","caucasian",18,1,2,39,41,34,114,62,8,23,12,24
"1207","asian",19,2,2,50,31,38,119,39,11,19,15,60
"1208","caucasian",20,2,1,34,31,37,102,36,22,31,28,37
"1209","caucasian",18,2,2,15,22,16,53,36,22,33,31,51
"1210","caucasian",18,2,2,41,40,40,121,35,11,21,10,48
"1211","asian",18,2,2,38,33,44,115,31,26,28,20,56
"1212","biracial",18,2,2,38,43,43,124,59,14,25,13,53
"1213","asian",18,2,2,32,33,33,98,45,22,48,22,45
"1214","caucasian",19,2,2,40,47,47,134,49,12,17,10,39
"1215","caucasian",18,2,2,34,32,34,100,44,25,52,31,60
"1216","caucasian",19,2,1,41,42,46,129,34,27,34,15,45
"1217","caucasian",18,2,2,38,39,45,122,47,24,22,22,53
"1218","caucasian",18,2,2,51,54,52,157,58,17,25,10,46
"1219","caucasian",22,2,2,37,28,35,100,45,24,25,20,42
"1220","caucasian",19,2,2,55,37,54,146,39,20,32,20,53
"1221","asian",20,1,2,56,55,56,167,56,15,35,12,36
"1222","caucasian",18,2,2,49,44,51,144,46,15,19,13,49
"1223","caucasian",19,2,2,51,52,51,154,69,13,23,9,35
"1224","caucasian",20,2,2,40,38,46,124,57,12,42,14,57
"1225","asian",19,2,2,44,38,44,126,25,18,45,21,57
"1226","asian",19,2,2,49,41,49,139,41,16,19,12,51
"1227","caucasian",20,2,2,42,21,31,94,29,24,39,34,64
"1228","caucasian",18,2,2,46,41,43,130,30,19,33,19,26
"1229","african american",19,1,2,31,31,42,104,33,13,24,14,52
"1230","caucasian",20,2,2,45,48,46,139,53,14,28,16,59
"1231","caucasian",19,2,2,54,53,54,161,39,15,22,15,59
"1232","caucasian",19,2,2,56,50,52,158,55,12,25,12,51
"1233","caucasian",20,2,2,45,44,45,134,49,14,26,14,32
"1234","caucasian",18,2,2,48,38,38,124,40,28,41,23,39
"1235","biracial",21,2,2,37,47,56,140,41,19,39,18,58
"1236","caucasian",22,1,2,52,48,52,152,44,13,21,13,34
"1237","caucasian",21,2,2,55,45,44,144,46,17,23,16,58
"1238","asian",19,1,2,49,50,52,151,46,9,17,9,25
"1239","caucasian",18,2,2,55,19,50,124,47,16,25,12,55
"1240","caucasian",18,2,2,51,43,46,140,37,21,30,20,55
"1241","caucasian",19,2,2,56,56,56,168,60,15,27,11,52
"1242","asian",19,2,2,32,32,32,96,41,13,24,10,48
"1243","caucasian",18,2,2,31,26,36,93,39,24,33,17,56
"1244","asian",20,2,2,55,54,56,165,43,8,17,12,43
"1245","caucasian",19,1,2,17,16,24,57,23,30,26,29,63
"1246","caucasian",18,2,2,56,56,56,168,68,28,41,24,39
"1247","caucasian",19,2,2,41,36,51,128,36,12,25,12,36
"1248","caucasian",19,2,2,50,51,49,150,55,20,31,16,51
"1249","caucasian",19,2,2,46,49,45,140,55,8,25,10,37
"1250","pacific islander",19,2,1,32,32,32,96,45,19,26,15,50
"1251","biracial",19,2,2,44,38,40,122,42,14,27,17,39
"1252","caucasian",22,2,2,42,39,44,125,51,21,31,15,51
"1253","caucasian",19,2,2,48,55,56,159,56,12,23,14,51
"1254","asian",18,2,2,33,38,40,111,43,16,27,10,41
"1255","caucasian",19,2,2,26,26,31,83,35,30,48,20,46
"1256","caucasian",19,1,2,19,21,21,61,20,32,38,28,32
"1257","caucasian",19,2,2,56,52,56,164,48,25,33,21,60
"1258","asian",19,2,2,43,33,35,111,33,26,21,26,51
"1259","caucasian",19,2,2,50,34,42,126,65,16,41,18,53
"1260","caucasian",19,2,2,37,34,38,109,47,24,50,22,60
"1261","caucasian",18,2,2,35,25,32,92,15,28,22,21,52
"1262","caucasian",18,2,2,41,37,43,121,42,21,32,13,46
"1263","caucasian",20,2,2,49,43,48,140,52,29,27,26,51
"1264","caucasian",18,2,2,39,34,27,100,29,30,28,20,59
"1265","asian",20,2,2,37,46,42,125,56,14,31,14,38
"1266","caucasian",20,2,2,44,41,43,128,52,11,25,10,33
"1267","asian",18,2,2,35,16,37,88,34,28,36,26,52
"1268","caucasian",20,2,2,55,48,50,153,41,11,21,12,46
"1269","caucasian",20,2,1,51,44,50,145,57,12,27,9,40
"1270","caucasian",20,2,2,25,35,40,100,30,25,47,21,45
"1271","caucasian",19,2,2,42,20,31,93,40,16,27,13,48
"1272","african american",17,2,2,56,50,56,162,59,20,30,12,39
"1273","caucasian",19,2,2,47,35,38,120,26,22,27,18,60
"1274","asian",20,2,2,43,42,41,126,39,11,21,13,43
"1275","caucasian",19,2,2,44,39,51,134,52,13,26,13,33
"1276","asian",18,2,2,32,37,44,113,50,22,24,17,24
"1277","asian",20,2,2,36,47,48,131,37,16,22,9,61
"1278","caucasian",18,1,2,39,43,44,126,36,10,18,10,28
"1279","asian",18,1,2,42,44,41,127,45,9,23,9,28
"1280","caucasian",18,2,2,33,38,41,112,46,10,19,9,44
"1281","caucasian",18,1,1,45,48,45,138,63,10,27,10,31
"1282","caucasian",18,2,2,51,42,44,137,35,14,30,15,43
"1283","caucasian",18,1,2,29,35,32,96,40,20,48,20,44
"1284","caucasian",18,2,2,56,56,56,168,64,24,30,10,52
"1285","caucasian",18,2,2,47,44,51,142,43,21,45,19,49
"1286","caucasian",19,2,2,40,33,41,114,25,18,26,21,49
"1287","caucasian",20,2,2,33,32,31,96,22,20,34,30,60
"1288","caucasian",20,2,2,54,49,54,157,62,13,25,10,33
"1289","asian",19,2,2,33,33,32,98,26,22,31,27,42
"1290","asian",20,1,2,45,45,48,138,48,16,29,13,52
"1291","biracial",19,1,1,52,45,51,148,40,23,29,13,42
"1292","caucasian",19,2,1,56,42,52,150,49,20,28,21,59
"1293","caucasian",19,1,1,47,37,42,126,48,14,18,15,44
"1294","caucasian",31,1,2,51,41,46,138,36,18,17,16,50
"1295","caucasian",20,2,2,56,50,53,159,55,12,19,11,38
"1296","caucasian",19,2,2,47,47,49,143,34,8,19,10,37
"1297","pacific islander",21,1,2,32,32,32,96,14,8,17,9,16
"1298","asian",20,2,2,38,30,47,115,48,20,38,26,66
"1299","caucasian",19,2,2,49,54,47,150,57,13,37,12,42
"1300","asian",20,2,2,35,37,48,120,37,20,31,17,54
"1301","caucasian",18,2,2,29,27,43,99,47,23,24,15,44
"1302","asian",20,2,1,41,34,48,123,28,23,24,18,44
"1303","caucasian",21,1,1,52,49,50,151,60,15,31,11,38
"1304","caucasian",18,2,1,36,39,41,116,55,28,64,30,54
"1305","caucasian",19,2,2,52,40,50,142,37,18,21,13,45
"1306","caucasian",19,2,2,46,43,47,136,47,15,29,13,48
"1307","african american",19,2,2,38,31,40,109,39,24,24,14,41
"1308","caucasian",19,2,2,51,55,52,158,35,25,42,15,43
"1309","african american",18,1,2,47,39,52,138,50,20,27,11,54
"1310","caucasian",18,1,1,51,46,51,148,51,12,21,10,38
"1311","asian",19,2,2,56,50,50,156,58,19,33,13,54
"1312","asian",19,2,2,31,31,31,93,55,32,62,34,70
"1313","caucasian",19,2,2,43,41,50,134,50,20,28,14,54
"1314","caucasian",18,1,2,43,47,46,136,57,17,24,10,50
"1315","caucasian",21,2,2,45,41,47,133,34,12,18,17,42
"1316","asian",20,1,2,44,45,45,134,48,19,22,15,47
"1317","caucasian",19,2,2,46,52,52,150,59,15,25,12,43
"1318","caucasian",18,1,2,55,56,55,166,28,11,22,16,36
"1319","asian",18,2,2,31,31,35,97,39,17,29,22,54
"1320","caucasian",19,1,2,48,52,51,151,46,10,26,11,38
"1321","caucasian",19,2,2,48,52,55,155,53,18,30,14,48
"1322","caucasian",19,1,2,38,41,41,120,44,13,17,11,38
"1323","biracial",20,2,2,35,30,31,96,29,32,39,34,58
"1324","caucasian",19,1,2,38,31,36,105,57,10,19,10,45
"1325","caucasian",19,2,2,56,56,55,167,56,21,26,18,48
"1326","caucasian",19,2,2,56,32,50,138,14,37,48,27,60
"1327","caucasian",19,2,1,34,37,40,111,51,13,30,15,55
"1328","caucasian",18,2,1,39,50,48,137,43,18,26,17,35
"1329","caucasian",21,2,2,40,34,36,110,50,19,35,12,35
"1330","caucasian",19,2,2,45,29,32,106,29,25,57,21,53
"1331","caucasian",18,2,2,48,36,45,129,56,20,28,15,51
"1332","asian",21,2,2,54,55,56,165,64,9,19,9,34
"1333","caucasian",20,2,2,48,36,50,134,55,19,34,15,58
"1334","asian",19,2,2,31,33,31,95,50,21,60,20,43
"1335","asian",18,1,2,53,51,56,160,60,8,18,13,64
"1336","caucasian",18,2,2,38,28,42,108,34,28,32,19,60
"1337","asian",20,1,2,55,56,56,167,52,15,33,14,42
"1338","caucasian",19,1,2,35,23,40,98,47,31,34,21,49
"1339","caucasian",18,2,2,36,28,44,108,24,29,23,26,62
"1340","caucasian",20,2,2,52,51,54,157,52,20,46,22,59
"1341","asian",18,2,2,38,41,37,116,37,19,26,17,61
"1342","caucasian",19,2,2,52,52,51,155,55,10,20,12,45
"1343","caucasian",19,2,2,48,45,49,142,50,20,34,15,40
"1344","caucasian",18,1,2,32,32,32,96,42,24,51,18,48
"1345","caucasian",19,1,2,48,43,39,130,37,19,36,19,44
"1346","asian",19,1,2,47,49,49,145,44,10,19,11,48
"1347","caucasian",20,2,2,51,47,45,143,56,12,19,10,37
"1348","biracial",19,1,2,28,30,31,89,20,17,26,24,64
"1349","caucasian",18,1,1,27,33,31,91,44,23,49,24,46
"1350","caucasian",19,2,2,50,46,51,147,39,16,23,13,52
"1351","caucasian",21,2,2,53,42,52,147,27,28,22,16,54
"1352","caucasian",21,1,2,33,32,32,97,42,27,53,23,48
"1353","african american",18,2,2,47,50,55,152,45,15,30,13,45
"1354","caucasian",19,2,2,45,33,40,118,41,15,26,18,58
"1355","asian",19,1,2,45,41,39,125,43,22,21,13,50
"1356","asian",19,2,2,51,56,56,163,60,13,18,10,50
"1357","caucasian",19,2,1,46,40,52,138,29,29,36,21,56
"1358","pacific islander",19,1,2,36,38,36,110,53,16,25,10,46
"1359","caucasian",18,2,1,43,40,47,130,54,29,54,25,54
"1360","caucasian",19,2,1,37,33,38,108,23,20,34,27,48
"1361","caucasian",19,2,2,49,48,49,146,43,15,21,17,26
"1362","caucasian",21,1,2,42,40,44,126,57,19,31,11,47
"1363","caucasian",18,2,2,40,41,53,134,48,16,30,14,48
"1364","caucasian",19,2,1,50,46,53,149,30,18,19,19,54
"1365","caucasian",19,2,2,45,25,40,110,36,27,25,27,55
"1366","caucasian",19,2,2,54,51,52,157,65,16,32,11,48
"1367","caucasian",19,2,2,39,39,39,117,35,22,39,31,50
"1368","caucasian",18,2,1,55,50,43,148,31,11,18,11,28
"1369","caucasian",18,1,2,52,54,48,154,61,27,46,26,44
"1370","biracial",19,2,2,47,47,41,135,51,12,24,12,40
"1371","caucasian",20,1,2,52,50,52,154,52,13,19,9,39
"1372","caucasian",18,2,1,48,49,54,151,45,13,30,11,44
"1373","caucasian",19,2,2,49,47,46,142,34,13,21,13,37
"1374","caucasian",18,2,2,29,29,33,91,48,22,53,22,45
"1375","caucasian",19,2,2,37,29,29,95,21,28,26,22,49
"1376","african american",19,1,2,34,31,46,111,26,15,19,23,42
"1377","african american",20,2,2,43,38,54,135,30,27,39,24,57
"1378","caucasian",18,1,2,32,35,37,104,40,9,25,11,36
"1379","caucasian",20,2,2,56,52,55,163,27,29,60,27,57
"1380","caucasian",19,1,1,34,27,15,76,42,30,27,21,59
"1381","asian",19,1,2,37,33,39,109,61,16,22,10,62
"1382","caucasian",20,2,2,56,49,50,155,59,18,47,19,61
"1383","asian",18,2,2,41,32,46,119,37,26,52,20,49
"1384","caucasian",18,1,2,56,55,54,165,69,11,28,10,56
"1385","asian",19,1,2,54,51,49,154,59,23,38,15,55
"1386","caucasian",19,2,2,40,41,45,126,32,17,42,14,43
"1387","caucasian",18,2,2,52,50,52,154,45,16,22,10,50
"1388","caucasian",19,1,2,52,32,23,107,57,18,27,20,37
"1389","caucasian",20,2,1,53,49,52,154,45,26,45,23,45
"1390","caucasian",18,1,2,40,45,45,130,46,13,21,14,47
"1391","caucasian",19,1,2,45,47,42,134,60,9,28,14,41
"1392","caucasian",18,2,2,39,40,33,112,44,16,27,15,38
"1393","caucasian",18,2,2,56,56,50,162,68,26,46,21,60
"1394","african american",19,2,2,43,39,48,130,49,24,27,17,53
"1395","asian",19,2,2,44,52,52,148,41,12,20,9,48
"1396","asian",19,2,2,43,38,31,112,44,17,30,24,37
"1397","caucasian",18,2,2,53,42,50,145,36,21,18,16,44
"1398","asian",19,2,2,29,35,13,77,30,20,22,18,26
"1399","caucasian",20,1,1,41,30,39,110,34,27,24,25,54
"1400","asian",18,2,2,35,40,48,123,40,14,20,13,59
"1401","caucasian",20,2,2,41,29,35,105,30,18,19,15,51
"1402","biracial",20,2,2,55,54,56,165,68,14,27,13,34
"1403","caucasian",18,2,2,44,37,43,124,40,17,29,19,50
"1404","caucasian",19,2,2,47,45,47,139,42,13,21,11,30
"1405","caucasian",19,1,2,43,37,51,131,56,18,21,10,41
"1406","caucasian",18,2,2,56,48,56,160,39,25,20,21,60
"1407","caucasian",19,2,2,49,43,40,132,34,20,32,25,48
"1408","asian",18,2,2,47,38,33,118,25,23,29,18,54
"1409","caucasian",18,2,2,51,45,53,149,50,13,22,12,39
"1410","caucasian",18,2,2,45,40,43,128,41,11,28,11,45
"1411","asian",18,2,2,48,48,54,150,47,12,28,14,38
"1412","caucasian",19,2,2,41,32,42,115,42,25,45,20,50
"1413","caucasian",19,2,2,50,51,52,153,63,12,22,12,53
"1414","asian",19,2,2,50,53,56,159,59,15,17,11,31
"1415","caucasian",19,2,2,52,49,49,150,54,9,22,10,49
"1416","caucasian",19,2,2,41,39,47,127,42,15,21,15,46
"1417","caucasian",19,2,2,46,30,26,102,40,29,45,22,50
"1418","asian",21,2,2,43,30,48,121,42,28,47,22,61
"1419","caucasian",19,2,2,32,32,31,95,32,25,46,22,53
"1420","caucasian",20,2,2,39,30,37,106,41,25,46,22,55
"1421","caucasian",22,2,2,34,25,43,102,28,33,52,27,62
"1422","caucasian",18,2,2,46,40,42,128,34,25,37,20,59
"1423","caucasian",22,2,1,37,47,51,135,58,11,19,12,38
"1424","caucasian",19,2,2,47,46,44,137,54,12,19,11,36
"1425","caucasian",19,2,2,30,19,36,85,32,22,29,17,43
"1426","caucasian",19,2,2,37,34,27,98,32,19,31,18,57
"1427","caucasian",19,2,2,31,28,39,98,48,22,44,24,61
"1428","caucasian",19,2,2,46,35,38,119,47,11,21,11,44
"1429","caucasian",18,2,2,45,32,47,124,29,26,20,18,47
"1430","caucasian",18,2,2,46,43,45,134,55,16,21,12,48
"1431","caucasian",21,1,2,46,32,41,119,46,16,21,13,50
"1432","caucasian",20,2,2,51,54,50,155,58,12,21,11,46
"1433","caucasian",19,2,2,49,42,26,117,29,30,22,15,51
"1434","caucasian",20,2,1,46,38,50,134,32,17,33,15,58
"1435","asian",19,2,2,33,28,42,103,34,28,34,22,55
"1436","american indian",18,2,1,23,40,34,97,40,23,48,24,53
"1437","caucasian",18,2,2,50,44,47,141,39,22,22,21,59
"1438","african american",19,2,1,45,44,50,139,49,23,44,23,42
"1439","caucasian",18,1,1,44,37,40,121,43,26,39,26,55
"1440","caucasian",20,1,2,54,45,49,148,49,10,17,10,54
"1441","caucasian",18,2,2,43,35,44,122,30,17,31,15,53
"1442","asian",20,1,2,32,31,31,94,18,8,17,9,30
"1443","african american",20,1,2,33,33,33,99,51,27,54,18,47
"1444","caucasian",19,1,2,43,26,41,110,30,18,20,17,34
"1445","caucasian",19,1,1,38,32,39,109,62,29,62,14,54
"1446","african american",21,1,2,42,40,43,125,37,23,33,20,51
"1447","caucasian",20,2,2,47,42,42,131,39,11,19,15,43
"1448","caucasian",19,2,1,11,12,12,35,16,31,62,31,60
"1449","asian",19,2,2,21,32,41,94,23,20,47,25,59
"1450","african american",20,1,2,30,29,40,99,42,25,46,22,42
"1451","caucasian",18,2,2,50,52,50,152,44,11,17,11,38
"1452","caucasian",20,2,2,41,27,34,102,37,22,32,17,59
"1453","caucasian",20,1,2,30,34,33,97,36,18,27,19,41
"1454","caucasian",19,1,2,33,47,49,129,41,29,23,21,41
"1455","caucasian",19,2,2,34,32,32,98,38,21,31,15,48
"1456","asian",22,2,2,55,53,56,164,56,12,22,14,55
"1457","caucasian",19,1,2,42,40,48,130,46,8,22,11,43
"1458","african american",19,2,2,45,45,45,135,35,16,22,13,43
"1459","caucasian",22,2,2,56,51,55,162,32,26,43,21,60
"1460","caucasian",20,2,1,33,37,49,119,24,33,32,27,64
"1461","caucasian",19,2,2,50,50,53,153,55,18,24,12,48
"1462","caucasian",19,1,2,41,44,40,125,56,13,30,10,42
"1463","asian",19,2,2,54,50,52,156,54,12,23,12,47
"1464","caucasian",20,2,2,32,24,31,87,29,20,26,13,60
"1465","african american",19,2,2,32,32,32,96,42,24,51,11,48
"1466","caucasian",20,1,2,35,30,40,105,40,27,47,19,46
"1467","caucasian",18,2,2,56,48,54,158,45,11,18,11,38
"1468","biracial",18,1,2,56,53,56,165,66,14,17,15,34
"1469","caucasian",19,2,2,32,32,32,96,19,20,22,16,48
"1470","biracial",18,2,2,54,34,41,129,36,21,41,22,63
"1471","caucasian",21,2,2,29,21,22,72,44,28,28,25,50
"1472","caucasian",18,2,2,43,54,46,143,50,11,20,12,46
"1473","caucasian",19,2,2,50,42,50,142,17,28,50,26,62
"1474","asian",20,1,2,29,31,41,101,30,36,68,35,63
"1475","caucasian",19,2,2,54,50,51,155,47,20,23,11,49
"1476","african american",18,2,2,49,45,48,142,38,18,21,14,31
"1477","caucasian",19,2,2,44,35,42,121,32,32,27,28,42
"1478","asian",18,2,2,30,27,29,86,26,28,33,20,61
"1479","asian",18,1,2,36,43,46,125,44,12,22,11,31
"1480","caucasian",19,2,2,33,32,31,96,33,26,50,18,53
"1481","asian",20,2,2,31,31,29,91,46,26,55,23,46
"1482","caucasian",19,1,1,56,55,55,166,59,17,29,14,32
"1483","asian",19,1,2,35,40,36,111,53,19,24,12,39
"1484","caucasian",19,2,1,29,27,49,105,23,28,29,21,61
"1485","caucasian",19,2,2,48,40,46,134,26,21,35,17,48
"1486","caucasian",21,1,1,45,32,42,119,40,20,32,12,53
"1487","caucasian",19,2,2,43,41,45,129,49,18,26,16,57
"1488","asian",21,1,2,45,46,47,138,42,14,20,14,52
"1489","asian",21,2,2,50,40,48,138,22,30,24,25,52
"1490","caucasian",19,2,2,47,48,42,137,43,24,29,14,50
"1491","african american",21,2,2,40,40,37,117,41,23,28,15,46
"1492","caucasian",18,2,2,29,30,30,89,35,17,35,20,57
"1493","caucasian",19,1,2,43,48,37,128,50,12,25,12,54
"1494","caucasian",19,2,2,54,55,56,165,54,10,17,9,31
"1495","caucasian",20,2,2,44,39,45,128,33,11,29,13,58
"1496","asian",19,2,2,54,46,51,151,23,27,28,31,40
"1497","caucasian",19,2,1,26,22,43,91,18,30,30,28,60
"1498","asian",19,1,2,53,51,56,160,57,14,18,17,57
"1499","asian",19,2,2,34,22,46,102,26,25,36,25,44
"1500","biracial",18,2,2,47,46,49,142,57,17,41,26,52
"1501","caucasian",19,2,2,38,42,44,124,49,21,58,17,52
"1502","caucasian",19,2,2,47,47,47,141,61,16,30,12,46
"1503","asian",19,2,2,34,37,44,115,40,30,30,17,57
"1504","caucasian",18,2,2,41,32,35,108,41,31,33,26,59
"1505","caucasian",19,2,2,54,53,41,148,52,12,26,14,45
"1506","asian",22,2,2,44,37,40,121,25,16,21,15,50
"1507","african american",20,2,2,29,31,38,98,30,27,39,29,48
"1508","caucasian",18,2,2,50,52,53,155,61,11,31,12,54
"1509","asian",19,2,2,43,33,49,125,34,32,54,24,67
"1510","caucasian",18,2,2,42,37,39,118,30,26,26,15,50
"1511","caucasian",21,1,2,42,24,31,97,31,24,23,25,61
"1512","caucasian",19,2,1,45,49,48,142,49,15,19,13,36
"1513","caucasian",18,1,2,27,27,41,95,19,22,25,25,48
"1514","biracial",19,2,2,54,38,51,143,24,25,23,21,40
"1515","caucasian",21,2,2,33,27,40,100,33,31,35,23,60
"1516","caucasian",18,2,2,36,21,40,97,40,21,50,25,57
"1517","caucasian",18,2,2,44,31,42,117,47,19,32,22,51
"1518","african american",19,2,2,46,46,42,134,50,16,28,12,47
"1519","caucasian",20,2,1,40,43,40,123,39,19,30,12,38
"1520","caucasian",20,1,2,46,42,46,134,35,18,24,9,46
"1521","caucasian",18,2,2,56,56,56,168,47,15,29,15,47
"1522","caucasian",19,2,1,42,47,47,136,37,17,22,11,39
"1523","caucasian",19,2,2,40,36,43,119,38,18,33,15,45
"1524","caucasian",19,1,2,33,34,33,100,44,21,47,18,46
"1525","asian",18,2,2,33,26,38,97,18,18,29,18,30
"1526","asian",19,1,2,32,32,32,96,42,24,51,9,48
"1527","caucasian",19,2,2,35,34,50,119,32,17,24,15,41
"1528","caucasian",23,2,2,53,47,54,154,53,12,23,17,51
"1529","asian",19,2,2,49,49,50,148,52,16,25,14,39
"1530","caucasian",18,2,2,51,46,52,149,57,12,36,12,45
"1531","caucasian",19,2,2,41,30,38,109,54,17,31,11,63
"1532","asian",18,2,2,49,52,56,157,53,10,17,11,42
"1533","american indian",18,2,2,51,51,51,153,44,21,21,12,34
"1534","caucasian",18,2,2,34,28,44,106,37,33,32,36,59
"1535","asian",20,1,2,35,37,39,111,50,18,32,22,46
"1536","biracial",19,2,2,41,37,34,112,42,29,50,24,61
"1537","caucasian",21,2,2,52,15,44,111,27,33,56,30,60
"1538","caucasian",18,2,2,54,49,48,151,53,14,25,11,43
"1539","caucasian",18,2,1,49,33,47,129,34,15,20,19,59
"1540","caucasian",19,2,2,43,43,49,135,56,14,21,12,52
"1541","biracial",19,2,2,30,12,30,72,21,26,25,20,57
"1542","caucasian",20,2,2,44,45,47,136,40,11,26,14,48
"1543","asian",18,2,2,40,45,53,138,22,9,19,12,28
"1544","caucasian",18,2,2,36,31,35,102,26,22,32,25,60
"1545","asian",18,1,2,33,41,39,113,33,17,38,9,53
"1546","asian",19,2,2,47,40,44,131,41,17,26,14,40
"1547","caucasian",19,2,2,37,32,34,103,30,17,30,14,53
"1548","asian",18,2,2,39,52,40,131,21,20,23,19,43
"1549","caucasian",18,2,2,44,33,36,113,40,17,24,13,53
"1550","caucasian",19,2,2,56,31,33,120,61,23,33,19,49
"1551","caucasian",18,1,2,29,26,35,90,35,30,54,26,59
"1552","caucasian",19,2,2,53,50,56,159,47,11,23,12,55
"1553","african american",18,1,2,34,34,30,98,38,18,23,15,59
"1554","caucasian",18,2,2,52,22,42,116,25,29,29,22,55
"1555","caucasian",18,2,2,48,39,55,142,37,17,19,9,45
"1556","caucasian",19,1,1,50,38,50,138,53,14,23,13,53
"1557","caucasian",19,2,2,56,50,54,160,48,13,17,10,60
"1558","biracial",19,1,2,38,32,42,112,35,30,45,17,61
"1559","caucasian",19,2,2,53,54,53,160,64,13,17,13,39
"1560","asian",20,1,2,56,56,56,168,43,12,21,11,35
"1561","caucasian",18,2,2,35,32,41,108,42,23,30,13,46
"1562","african american",22,2,2,28,17,21,66,18,36,27,29,54
"1563","caucasian",18,1,2,47,45,47,139,52,16,24,13,43
"1564","caucasian",19,2,1,33,22,33,88,27,32,30,27,57
"1565","caucasian",18,2,2,47,49,50,146,45,18,33,14,50
"1566","asian",21,2,2,33,22,36,91,34,29,39,34,58
"1567","caucasian",18,2,1,56,56,56,168,63,15,21,10,30
"1568","caucasian",18,2,2,35,35,39,109,37,20,25,19,47
"1569","caucasian",18,2,2,33,33,41,107,36,16,18,17,37
"1570","caucasian",19,2,2,49,52,52,153,43,15,23,12,38
"1571","caucasian",18,2,2,46,54,54,154,54,21,42,12,45
"1572","caucasian",20,2,2,42,31,44,117,31,25,37,20,60
"1573","asian",19,1,2,56,56,56,168,68,12,28,9,33
"1574","caucasian",21,1,1,49,45,37,131,63,8,25,10,37
"1575","caucasian",19,2,2,50,47,47,144,63,11,23,9,36
"1576","caucasian",19,2,2,46,45,48,139,35,21,33,15,57
"1577","caucasian",18,2,2,51,52,53,156,45,13,19,10,47
"1578","asian",18,2,2,44,32,47,123,52,30,28,21,42
"1579","caucasian",18,2,2,48,46,48,142,52,12,29,14,43
"1580","caucasian",19,1,2,49,53,55,157,66,12,20,10,28
"1581","asian",20,2,2,20,38,34,92,42,11,20,10,53
"1582","caucasian",22,1,2,31,33,31,95,43,11,17,12,37
"1583","caucasian",19,2,2,43,36,39,118,35,18,18,18,58
"1584","caucasian",18,2,2,51,46,50,147,29,13,27,13,55
"1585","african american",18,2,2,48,34,38,120,42,18,25,17,55
"1586","caucasian",18,2,2,50,29,20,99,38,18,39,18,61
"1587","caucasian",19,2,2,48,39,45,132,49,28,52,18,55
"1588","caucasian",20,2,2,33,33,34,100,43,27,44,18,53
"1589","caucasian",19,2,2,50,52,50,152,56,14,21,11,41
"1590","caucasian",19,2,2,29,35,28,92,25,25,27,14,50
"1591","caucasian",20,2,2,46,33,38,117,48,24,42,22,48
"1592","caucasian",19,2,2,47,48,50,145,37,20,18,15,50
"1593","caucasian",19,2,2,56,49,54,159,34,15,32,11,58
"1594","asian",18,2,2,50,48,49,147,54,11,34,13,37
"1595","caucasian",19,2,2,48,49,48,145,56,16,20,15,36
"1596","caucasian",18,2,2,39,42,40,121,50,18,37,14,49
"1597","caucasian",19,2,2,46,36,49,131,41,22,45,28,38
"1598","caucasian",20,1,2,56,45,50,151,37,16,28,18,52
"1599","biracial",18,2,2,55,43,46,144,54,13,24,12,42
"1600","biracial",18,1,2,37,28,41,106,31,31,33,25,50
"1601","caucasian",18,2,2,46,40,53,139,59,16,36,11,40
"1602","asian",19,2,2,34,27,35,96,30,24,44,21,41
"1603","caucasian",40,2,1,47,37,39,123,39,14,28,15,51
"1604","african american",19,1,2,47,44,33,124,56,16,24,12,33
"1605","asian",18,2,2,32,37,35,104,33,9,17,9,34
"1606","caucasian",18,2,2,45,43,42,130,44,23,24,13,57
"1607","african american",19,2,2,50,50,54,154,41,19,19,11,28
"1608","asian",19,2,2,48,49,43,140,41,13,20,10,43
"1609","asian",19,1,2,50,40,50,140,42,10,19,16,52
"1610","caucasian",20,2,2,35,31,43,109,24,24,33,30,61
"1611","african american",19,2,2,39,28,52,119,32,29,30,22,53
"1612","caucasian",19,2,2,42,30,35,107,29,19,23,13,60
"1613","caucasian",19,2,2,38,30,33,101,41,19,46,22,52
"1614","caucasian",18,2,2,36,32,35,103,34,20,26,18,36
"1615","african american",18,1,2,40,38,41,119,49,16,19,14,37
"1616","asian",19,1,2,32,37,30,99,46,22,22,15,44
"1617","caucasian",19,2,2,43,49,53,145,58,9,19,11,34
"1618","caucasian",19,1,2,38,26,30,94,25,17,27,21,55
